3 0.400487 0.311046 0.754805 0.311046 0.813858 0.504220 0.695752 0.697393 0.459540 0.697393 0.341435 0.504220
0 0.419533 0.369451 0.778238 0.369451 0.838022 0.575396 0.718454 0.781341 0.479318 0.781341 0.359749 0.575396
0 0.436386 0.307454 0.816400 0.307454 0.879735 0.496903 0.753064 0.686351 0.499721 0.686351 0.373050 0.496903
0 0.467096 0.389939 0.871344 0.389939 0.938719 0.590030 0.803969 0.790122 0.534471 0.790122 0.399721 0.590030
0 0.494638 0.361735 0.922493 0.361735 0.993802 0.558101 0.851184 0.754467 0.565947 0.754467 0.423329 0.558101
3 0.337291 0.519919 0.625801 0.519919 0.673886 0.774290 0.577716 1.028662 0.385376 1.028662 0.289206 0.774290
3 0.310759 0.447279 0.575035 0.447279 0.619081 0.705110 0.530989 0.962940 0.354805 0.962940 0.266713 0.705110
0 0.312918 0.464707 0.576358 0.464707 0.620265 0.723070 0.532451 0.981433 0.356825 0.981433 0.269011 0.723070
0 0.283635 0.403509 0.508844 0.403509 0.546379 0.659211 0.471309 0.914913 0.321170 0.914913 0.246100 0.659211
0 0.253865 0.449008 0.478029 0.449008 0.515390 0.716418 0.440669 0.983827 0.291226 0.983827 0.216504 0.716418
0 0.350104 0.499031 0.651985 0.499031 0.702298 0.754999 0.601671 1.010967 0.400418 1.010967 0.299791 0.754999
0 0.206337 0.317831 0.360515 0.317831 0.386212 0.503555 0.334819 0.689278 0.232033 0.689278 0.180641 0.503555
3 0.231720 0.300536 0.424965 0.300536 0.457173 0.479608 0.392758 0.658679 0.263928 0.658679 0.199513 0.479608
0 0.253134 0.308253 0.464136 0.308253 0.499304 0.491581 0.428969 0.674910 0.288301 0.674910 0.217967 0.491581
0 0.279352 0.341379 0.504770 0.341379 0.542340 0.522845 0.467201 0.704311 0.316922 0.704311 0.241783 0.522845