1 0.286329 0.356274 0.520916 0.356274 0.560014 0.571497 0.481818 0.786720 0.325427 0.786720 0.247232 0.571497
2 0.234450 0.202152 0.437457 0.202152 0.471292 0.302468 0.403623 0.402784 0.268284 0.402784 0.200615 0.302468
2 0.199487 0.280277 0.353486 0.280277 0.379152 0.486380 0.327820 0.692484 0.225154 0.692484 0.173821 0.486380
2 0.536159 0.348370 0.975803 0.348370 1.049077 0.557817 0.902529 0.767265 0.609433 0.767265 0.462884 0.557817
2 0.509228 0.114299 0.935748 0.114299 1.006835 0.173273 0.864662 0.232247 0.580314 0.232247 0.438141 0.173273
0 0.384621 0.232095 0.713124 0.232095 0.767874 0.364025 0.658373 0.495956 0.439371 0.495956 0.329870 0.364025
0 0.376213 0.286508 0.692823 0.286508 0.745591 0.415703 0.640055 0.544898 0.428982 0.544898 0.323445 0.415703
0 0.356801 0.270245 0.658237 0.270245 0.708476 0.399744 0.607997 0.529243 0.407040 0.529243 0.306562 0.399744
0 0.338688 0.247750 0.623718 0.247750 0.671224 0.372385 0.576213 0.497020 0.386193 0.497020 0.291183 0.372385
0 0.453589 0.380593 0.838278 0.380593 0.902392 0.598856 0.774163 0.817119 0.517703 0.817119 0.389474 0.598856
0 0.468250 0.329219 0.860526 0.329219 0.925906 0.497020 0.795147 0.664821 0.533630 0.664821 0.402871 0.497020