2 0.525628 0.223476 0.963912 0.223476 1.036960 0.352052 0.890865 0.480627 0.598675 0.480627 0.452580 0.352052
2 0.543863 0.367359 0.994491 0.367359 1.069596 0.608271 0.919386 0.849184 0.618968 0.849184 0.468759 0.608271
1 0.507741 0.344066 0.931590 0.344066 1.002232 0.572999 0.860948 0.801933 0.578382 0.801933 0.437099 0.572999
0 0.447873 0.313586 0.831764 0.313586 0.895746 0.479163 0.767782 0.644741 0.511855 0.644741 0.383891 0.479163
0 0.453068 0.210832 0.838424 0.210832 0.902650 0.395310 0.774198 0.579788 0.517294 0.579788 0.388842 0.395310
2 0.132845 0.350854 0.231172 0.350854 0.247559 0.597623 0.214784 0.844392 0.149233 0.844392 0.116457 0.597623
2 0.161960 0.187805 0.280160 0.187805 0.299861 0.341404 0.260460 0.495002 0.181660 0.495002 0.142259 0.341404
0 0.218724 0.333418 0.406799 0.333418 0.438145 0.501125 0.375453 0.668832 0.250070 0.668832 0.187378 0.501125
1 0.202057 0.363499 0.366283 0.363499 0.393654 0.626240 0.338912 0.888981 0.229428 0.888981 0.174686 0.626240
0 0.244840 0.356844 0.440656 0.356844 0.473291 0.615592 0.408020 0.874340 0.277476 0.874340 0.212204 0.615592
0 0.203452 0.364297 0.367678 0.364297 0.395049 0.603613 0.340307 0.842928 0.230823 0.842928 0.176081 0.603613
0 0.317434 0.204842 0.585635 0.204842 0.630335 0.405292 0.540934 0.605742 0.362134 0.605742 0.272734 0.405292
0 0.312901 0.305866 0.581102 0.305866 0.625802 0.463191 0.536402 0.620517 0.357601 0.620517 0.268201 0.463191
0 0.407113 0.357642 0.758159 0.357642 0.816667 0.518428 0.699651 0.679214 0.465621 0.679214 0.348605 0.518428
0 0.381974 0.385327 0.713563 0.385327 0.768828 0.549041 0.658298 0.712755 0.437238 0.712755 0.326709 0.549041
0 0.359972 0.441629 0.674198 0.441629 0.726569 0.612264 0.621827 0.782900 0.412343 0.782900 0.307601 0.612264
0 0.294456 0.380402 0.538180 0.380402 0.578801 0.536397 0.497559 0.692391 0.335077 0.692391 0.253835 0.536397
0 0.282078 0.396907 0.503835 0.396907 0.540795 0.560355 0.466876 0.723803 0.319038 0.723803 0.245119 0.560355
0 0.191318 0.335947 0.354707 0.335947 0.381939 0.496466 0.327476 0.656986 0.218550 0.656986 0.164086 0.496466
3 0.202545 0.362700 0.367190 0.362700 0.394630 0.624909 0.339749 0.887118 0.229986 0.887118 0.175105 0.624909
0 0.288145 0.393579 0.520781 0.393579 0.559554 0.640881 0.482008 0.888182 0.326918 0.888182 0.249372 0.640881
1 0.437831 0.368157 0.797873 0.368157 0.857880 0.610933 0.737866 0.853709 0.497838 0.853709 0.377824 0.610933
3 0.439784 0.382665 0.807775 0.382665 0.869107 0.626240 0.746444 0.869815 0.501116 0.869815 0.378452 0.626240