0 0.196782 0.196663 0.365453 0.196663 0.393564 0.352595 0.337341 0.508526 0.224894 0.508526 0.168670 0.352595
0 0.311917 0.134047 0.567150 0.134047 0.609689 0.221891 0.524611 0.309736 0.354455 0.309736 0.269378 0.221891
1 0.315028 0.221283 0.579597 0.221283 0.623692 0.381471 0.535502 0.541658 0.359123 0.541658 0.270934 0.381471
0 0.326485 0.196967 0.606330 0.196967 0.652970 0.372352 0.559689 0.547737 0.373126 0.547737 0.279844 0.372352
0 0.383663 0.207301 0.714639 0.207301 0.769802 0.376911 0.659477 0.546522 0.438826 0.546522 0.328501 0.376911
0 0.414286 0.206541 0.763932 0.206541 0.822207 0.356394 0.705658 0.506247 0.472560 0.506247 0.356011 0.356394
0 0.429137 0.187240 0.795757 0.187240 0.856860 0.351075 0.734653 0.514910 0.490240 0.514910 0.368034 0.351075
0 0.448762 0.217028 0.833416 0.217028 0.897525 0.376911 0.769307 0.536795 0.512871 0.536795 0.384653 0.376911
0 0.388543 0.259583 0.724611 0.259583 0.780622 0.501535 0.668600 0.743488 0.444554 0.743488 0.332532 0.501535
0 0.260149 0.202894 0.476768 0.202894 0.512871 0.368553 0.440665 0.534211 0.296252 0.534211 0.224045 0.368553
0 0.223975 0.242409 0.425955 0.242409 0.459618 0.420226 0.392291 0.598043 0.257638 0.598043 0.190311 0.420226