0 0.556025 0.386236 1.024307 0.386236 1.102355 0.602038 0.946260 0.817841 0.634072 0.817841 0.477978 0.602038
0 0.524030 0.346056 0.944114 0.346056 1.014127 0.572768 0.874100 0.799480 0.594044 0.799480 0.454017 0.572768
0 0.448338 0.258777 0.827285 0.258777 0.890443 0.410450 0.764127 0.562124 0.511496 0.562124 0.385180 0.410450
0 0.424723 0.330090 0.785803 0.330090 0.845983 0.487618 0.725623 0.645146 0.484903 0.645146 0.364543 0.487618
0 0.402735 0.287914 0.752389 0.287914 0.810665 0.432403 0.694114 0.576892 0.461011 0.576892 0.344460 0.432403
1 0.377043 0.264897 0.704675 0.264897 0.759280 0.427747 0.650069 0.590596 0.431648 0.590596 0.322438 0.427747
0 0.360042 0.310133 0.666274 0.310133 0.717313 0.475644 0.615235 0.641154 0.411080 0.641154 0.309003 0.475644
0 0.332445 0.306674 0.603151 0.306674 0.648269 0.467661 0.558033 0.628648 0.377562 0.628648 0.287327 0.467661
0 0.300485 0.290442 0.548546 0.290442 0.589889 0.447704 0.507202 0.604965 0.341828 0.604965 0.259141 0.447704
0 0.278809 0.300687 0.504432 0.300687 0.542036 0.451030 0.466828 0.601373 0.316413 0.601373 0.241205 0.451030
1 0.201801 0.356566 0.335596 0.356566 0.357895 0.586738 0.313296 0.816909 0.224100 0.816909 0.179501 0.586738
0 0.240547 0.356965 0.406960 0.356965 0.434695 0.594055 0.379224 0.831146 0.268283 0.831146 0.212812 0.594055
0 0.229536 0.329026 0.424204 0.329026 0.456648 0.488948 0.391759 0.648871 0.261981 0.648871 0.197091 0.488948
1 0.548788 0.358562 1.005229 0.358562 1.081302 0.523541 0.929155 0.688519 0.624861 0.688519 0.472715 0.523541