2 0.161812 0.336626 0.290764 0.336626 0.312256 0.576247 0.269272 0.815869 0.183304 0.815869 0.140320 0.576247
2 0.172469 0.198266 0.320604 0.198266 0.345293 0.352742 0.295915 0.507219 0.197158 0.507219 0.147780 0.352742
2 0.495844 0.189903 0.905933 0.189903 0.974281 0.324614 0.837584 0.459325 0.564192 0.459325 0.427496 0.324614
2 0.514529 0.335409 0.945506 0.335409 1.017336 0.579288 0.873677 0.823167 0.586359 0.823167 0.442700 0.579288
1 0.418686 0.360497 0.769947 0.360497 0.828490 0.611978 0.711403 0.863459 0.477229 0.863459 0.360142 0.611978
0 0.450444 0.349701 0.829840 0.349701 0.893073 0.591452 0.766607 0.833202 0.513677 0.833202 0.387211 0.591452
0 0.460213 0.380414 0.866252 0.380414 0.933925 0.652269 0.798579 0.924124 0.527886 0.924124 0.392540 0.652269
1 0.454565 0.350462 0.839929 0.350462 0.904156 0.542037 0.775702 0.733613 0.518792 0.733613 0.390337 0.542037
1 0.241705 0.369315 0.463801 0.369315 0.500817 0.593732 0.426785 0.818149 0.278721 0.818149 0.204689 0.593732
3 0.449947 0.348789 0.828917 0.348789 0.892078 0.589931 0.765755 0.831073 0.513108 0.831073 0.386785 0.589931
1 0.268526 0.321725 0.510870 0.321725 0.551261 0.544318 0.470480 0.766911 0.308917 0.766911 0.228135 0.544318