2 0.520891 0.271002 0.944986 0.271002 1.015669 0.418409 0.874304 0.565817 0.591574 0.565817 0.450209 0.418409
2 0.524756 0.397389 0.970369 0.397389 1.044638 0.623290 0.896100 0.849191 0.599025 0.849191 0.450487 0.623290
2 0.184540 0.349628 0.318245 0.349628 0.340529 0.573400 0.295961 0.797173 0.206825 0.797173 0.162256 0.573400
2 0.185481 0.297476 0.354909 0.297476 0.383148 0.456326 0.326671 0.615175 0.213719 0.615175 0.157242 0.456326
0 0.237570 0.327809 0.442096 0.327809 0.476184 0.497568 0.408008 0.667326 0.271657 0.667326 0.203482 0.497568
0 0.206024 0.318896 0.385898 0.318896 0.415877 0.476947 0.355919 0.634998 0.236003 0.634998 0.176045 0.476947
0 0.262082 0.339783 0.479561 0.339783 0.515808 0.505550 0.443315 0.671318 0.298329 0.671318 0.225836 0.505550
0 0.261490 0.363198 0.466226 0.363198 0.500348 0.605330 0.432103 0.847462 0.295613 0.847462 0.227368 0.605330
0 0.490669 0.310248 0.901393 0.310248 0.969847 0.482934 0.832939 0.655619 0.559123 0.655619 0.422214 0.482934
0 0.428099 0.348298 0.792653 0.348298 0.853412 0.526837 0.731894 0.705376 0.488858 0.705376 0.367340 0.526837
0 0.450244 0.377300 0.829004 0.377300 0.892131 0.614643 0.765877 0.851985 0.513370 0.851985 0.387117 0.614643