0 0.515933 0.223420 0.955765 0.223420 1.029071 0.327754 0.882460 0.432088 0.589238 0.432088 0.442628 0.327754
0 0.489064 0.280454 0.912753 0.280454 0.983368 0.384788 0.842138 0.489121 0.559679 0.489121 0.418449 0.384788
0 0.448393 0.117413 0.831831 0.117413 0.895737 0.287450 0.767925 0.457487 0.512299 0.457487 0.384486 0.287450
0 0.271768 0.321214 0.496925 0.321214 0.534451 0.431936 0.459399 0.542657 0.309294 0.542657 0.234242 0.431936
0 0.251992 0.370339 0.462893 0.370339 0.498043 0.487448 0.427743 0.604558 0.287142 0.604558 0.216841 0.487448
0 0.224738 0.230721 0.412579 0.230721 0.443885 0.336879 0.381272 0.443038 0.256045 0.443038 0.193431 0.336879
0 0.277079 0.346461 0.503494 0.346461 0.541230 0.576421 0.465758 0.806381 0.314815 0.806381 0.239343 0.576421
0 0.228546 0.332773 0.413662 0.332773 0.444514 0.547524 0.382809 0.762275 0.259399 0.762275 0.197694 0.547524
1 0.197030 0.352088 0.355730 0.352088 0.382180 0.581744 0.329280 0.811400 0.223480 0.811400 0.170580 0.581744
0 0.454018 0.333685 0.838085 0.333685 0.902096 0.556649 0.774074 0.779613 0.518029 0.779613 0.390007 0.556649
0 0.490915 0.323343 0.901817 0.323343 0.970300 0.536878 0.833333 0.750412 0.559399 0.750412 0.422432 0.536878
0 0.519217 0.300986 0.955276 0.300986 1.027952 0.502657 0.882600 0.704329 0.591894 0.704329 0.446541 0.502657