1 0.377397 0.283691 0.698961 0.283691 0.752555 0.443411 0.645367 0.603130 0.430991 0.603130 0.323802 0.443411
0 0.406568 0.282779 0.754096 0.282779 0.812017 0.443411 0.696175 0.604042 0.464489 0.604042 0.348647 0.443411
0 0.424847 0.282931 0.792519 0.282931 0.853797 0.439608 0.731240 0.596285 0.486126 0.596285 0.363568 0.439608
0 0.445663 0.302249 0.827659 0.302249 0.891325 0.467749 0.763993 0.633248 0.509329 0.633248 0.381996 0.467749
1 0.476065 0.256920 0.881563 0.256920 0.949146 0.403861 0.813980 0.550803 0.543648 0.550803 0.408482 0.403861
0 0.503372 0.251443 0.930356 0.251443 1.001521 0.385607 0.859192 0.519771 0.574536 0.519771 0.432207 0.385607
1 0.353224 0.285061 0.655987 0.285061 0.706447 0.445692 0.605526 0.606324 0.403684 0.606324 0.302763 0.445692
1 0.339645 0.260874 0.628531 0.260874 0.676679 0.423636 0.580384 0.586397 0.387793 0.586397 0.291497 0.423636
0 0.302304 0.279737 0.561422 0.279737 0.604608 0.443411 0.518235 0.607085 0.345490 0.607085 0.259118 0.443411
1 0.291374 0.277151 0.539524 0.277151 0.580883 0.436565 0.498166 0.595980 0.332732 0.595980 0.250016 0.436565
1 0.267313 0.276390 0.496438 0.276390 0.534626 0.431241 0.458251 0.586093 0.305501 0.586093 0.229125 0.431241
2 0.232359 0.195770 0.423211 0.195770 0.455020 0.315635 0.391402 0.435501 0.264168 0.435501 0.200551 0.315635
1 0.303460 0.342407 0.558773 0.342407 0.601325 0.566622 0.516221 0.790838 0.346012 0.790838 0.260908 0.566622
0 0.303423 0.363551 0.544635 0.363551 0.584837 0.582594 0.504433 0.801638 0.343625 0.801638 0.263221 0.582594
1 0.275594 0.354424 0.506063 0.354424 0.544474 0.573468 0.467651 0.792511 0.314006 0.792511 0.237183 0.573468
0 0.194608 0.351382 0.350543 0.351382 0.376532 0.606932 0.324554 0.862483 0.220597 0.862483 0.168619 0.606932
2 0.207478 0.362943 0.371247 0.362943 0.398542 0.564341 0.343952 0.765739 0.234772 0.765739 0.180183 0.564341
0 0.399667 0.359596 0.750552 0.359596 0.809033 0.655609 0.692071 0.951621 0.458148 0.951621 0.341186 0.655609
0 0.439955 0.365681 0.808746 0.365681 0.870211 0.591721 0.747281 0.817762 0.501420 0.817762 0.378490 0.591721
1 0.464613 0.355793 0.858696 0.355793 0.924376 0.577270 0.793015 0.798747 0.530293 0.798747 0.398932 0.577270
0 0.502514 0.334497 0.923008 0.334497 0.993090 0.543805 0.852925 0.753113 0.572596 0.753113 0.432431 0.543805