3 0.321234 0.353649 0.578347 0.353649 0.621199 0.588972 0.535495 0.824294 0.364086 0.824294 0.278382 0.588972
0 0.214540 0.356178 0.390063 0.356178 0.419317 0.593630 0.360809 0.831082 0.243794 0.831082 0.185286 0.593630
0 0.247978 0.351919 0.445886 0.351919 0.478870 0.588306 0.412901 0.824693 0.280962 0.824693 0.214993 0.588306
0 0.208229 0.364830 0.374756 0.364830 0.402510 0.522421 0.347001 0.680013 0.235983 0.680013 0.180474 0.522421
0 0.475453 0.301074 0.874616 0.301074 0.941144 0.448550 0.808089 0.596026 0.541980 0.596026 0.408926 0.448550
0 0.451325 0.358308 0.824128 0.358308 0.886262 0.586975 0.761994 0.815642 0.513459 0.815642 0.389191 0.586975
0 0.380404 0.356977 0.692120 0.356977 0.744073 0.584313 0.640167 0.811649 0.432357 0.811649 0.328452 0.584313
0 0.248954 0.338076 0.458159 0.338076 0.493026 0.489811 0.423291 0.641546 0.283821 0.641546 0.214086 0.489811
3 0.333647 0.503787 0.613354 0.503787 0.659972 0.744700 0.566736 0.985612 0.380265 0.985612 0.287029 0.744700
3 0.340795 0.515234 0.632008 0.515234 0.680544 0.755348 0.583473 0.995462 0.389331 0.995462 0.292259 0.755348
3 0.352999 0.472774 0.656764 0.472774 0.707392 0.713421 0.606137 0.954067 0.403626 0.954067 0.302371 0.713421