3 0.348120 0.342577 0.628900 0.342577 0.675696 0.574066 0.582103 0.805554 0.394916 0.805554 0.301323 0.574066
3 0.298224 0.353619 0.531163 0.353619 0.569986 0.573400 0.492340 0.793182 0.337047 0.793182 0.259401 0.573400
0 0.228064 0.341379 0.416086 0.341379 0.447423 0.558766 0.384749 0.776153 0.259401 0.776153 0.196727 0.558766
1 0.272806 0.338719 0.468141 0.338719 0.500696 0.561427 0.435585 0.784135 0.305362 0.784135 0.240251 0.561427
0 0.318489 0.342045 0.571483 0.342045 0.613649 0.570074 0.529318 0.798104 0.360655 0.798104 0.276323 0.570074
0 0.302124 0.355615 0.546762 0.355615 0.587535 0.582048 0.505989 0.808481 0.342897 0.808481 0.261351 0.582048
0 0.407869 0.355216 0.744638 0.355216 0.800766 0.582713 0.688510 0.810211 0.463997 0.810211 0.351741 0.582713
0 0.204526 0.292421 0.378343 0.292421 0.407312 0.437700 0.349373 0.582979 0.233496 0.582979 0.175557 0.437700
0 0.236978 0.296678 0.435028 0.296678 0.468036 0.444352 0.402019 0.592026 0.269986 0.592026 0.203969 0.444352
0 0.307974 0.325947 0.572249 0.325947 0.616295 0.472290 0.528203 0.618634 0.352019 0.618634 0.263928 0.472290
1 0.424721 0.305725 0.786978 0.305725 0.847354 0.472290 0.726602 0.638856 0.485097 0.638856 0.364345 0.472290
0 0.453552 0.294949 0.847981 0.294949 0.913719 0.460982 0.782242 0.627015 0.519290 0.627015 0.387813 0.460982
0 0.518524 0.313441 0.948050 0.313441 1.019638 0.466969 0.876462 0.620496 0.590111 0.620496 0.446936 0.466969
1 0.484123 0.339517 0.894011 0.339517 0.962326 0.502889 0.825696 0.666262 0.552437 0.666262 0.415808 0.502889
1 0.487013 0.383819 0.894603 0.383819 0.962535 0.615308 0.826671 0.846797 0.554944 0.846797 0.419081 0.615308
0 0.405362 0.349894 0.753412 0.349894 0.811421 0.502889 0.695404 0.655885 0.463370 0.655885 0.347354 0.502889