0 0.480929 0.318492 0.878294 0.318492 0.944521 0.521955 0.812067 0.725418 0.547157 0.725418 0.414702 0.521955
0 0.442649 0.333120 0.810472 0.333120 0.871775 0.549881 0.749168 0.766642 0.503953 0.766642 0.381345 0.549881
0 0.491748 0.231389 0.913245 0.231389 0.983495 0.351073 0.842996 0.470757 0.561997 0.470757 0.421498 0.351073
0 0.456588 0.168488 0.838141 0.168488 0.901734 0.299875 0.774549 0.431261 0.520180 0.431261 0.392996 0.299875
2 0.168204 0.271683 0.293655 0.271683 0.314563 0.452804 0.272746 0.633926 0.189112 0.633926 0.147295 0.452804
0 0.208426 0.301604 0.371325 0.301604 0.398474 0.500013 0.344175 0.698422 0.235576 0.698422 0.181276 0.500013
0 0.241574 0.333918 0.439424 0.333918 0.472399 0.543232 0.406449 0.752546 0.274549 0.752546 0.208599 0.543232
0 0.262067 0.350674 0.475104 0.350674 0.510610 0.569829 0.439598 0.788983 0.297573 0.788983 0.226560 0.569829
0 0.232906 0.235378 0.428675 0.235378 0.461304 0.367031 0.396047 0.498683 0.265534 0.498683 0.200277 0.367031
0 0.204404 0.182718 0.371879 0.182718 0.399792 0.295220 0.343967 0.407723 0.232316 0.407723 0.176491 0.295220
0 0.178988 0.223809 0.336269 0.223809 0.362483 0.343759 0.310055 0.463709 0.205201 0.463709 0.152774 0.343759
3 0.259189 0.214234 0.476595 0.214234 0.512829 0.338440 0.440361 0.462645 0.295423 0.462645 0.222954 0.338440
3 0.309119 0.271284 0.574376 0.271284 0.618585 0.406925 0.530166 0.542567 0.353329 0.542567 0.264910 0.406925
0 0.266505 0.258517 0.494938 0.258517 0.533010 0.400276 0.456865 0.542035 0.304577 0.542035 0.228433 0.400276
0 0.328502 0.273145 0.607698 0.273145 0.654230 0.412245 0.561165 0.551344 0.375035 0.551344 0.281969 0.412245
1 0.525312 0.235777 0.962205 0.235777 1.035021 0.350408 0.889390 0.465039 0.598128 0.465039 0.452497 0.350408
0 0.512864 0.296816 0.946221 0.296816 1.018447 0.488045 0.873994 0.679273 0.585090 0.679273 0.440638 0.488045