2 0.168166 0.219350 0.312308 0.219350 0.336332 0.393979 0.288285 0.568607 0.192190 0.568607 0.144142 0.393979
2 0.156904 0.361502 0.282427 0.361502 0.303347 0.636222 0.261506 0.910943 0.177824 0.910943 0.135983 0.636222
1 0.191353 0.354714 0.355370 0.354714 0.382706 0.608937 0.328033 0.863160 0.218689 0.863160 0.164017 0.608937
0 0.249198 0.293754 0.462796 0.293754 0.498396 0.514435 0.427197 0.735116 0.284798 0.735116 0.213598 0.514435
0 0.244351 0.228800 0.439749 0.228800 0.472315 0.381334 0.407183 0.533868 0.276918 0.533868 0.211785 0.381334
2 0.565830 0.354714 1.039470 0.354714 1.118410 0.598289 0.960530 0.841863 0.644770 0.841863 0.486890 0.598289
2 0.538877 0.206040 0.987622 0.206040 1.062413 0.343400 0.912831 0.480761 0.613668 0.480761 0.464086 0.343400
0 0.479603 0.308927 0.888598 0.308927 0.956764 0.539724 0.820432 0.770521 0.547768 0.770521 0.411437 0.539724
1 0.497768 0.374147 0.905300 0.374147 0.973222 0.623578 0.837378 0.873009 0.565690 0.873009 0.429847 0.623578
0 0.454707 0.364164 0.836088 0.364164 0.899651 0.606940 0.772524 0.849716 0.518271 0.849716 0.391144 0.606940
0 0.496757 0.371884 0.932113 0.371884 1.004672 0.633560 0.859554 0.895237 0.569317 0.895237 0.424198 0.633560
0 0.377964 0.233326 0.689679 0.233326 0.741632 0.399968 0.637727 0.566611 0.429916 0.566611 0.326011 0.399968
0 0.386297 0.308395 0.720397 0.308395 0.776081 0.542386 0.664714 0.776378 0.441980 0.776378 0.330614 0.542386
0 0.286123 0.328892 0.543026 0.328892 0.585844 0.572999 0.500209 0.817107 0.328940 0.817107 0.243305 0.572999
0 0.314156 0.351120 0.588215 0.351120 0.633891 0.593630 0.542538 0.836140 0.359833 0.836140 0.268480 0.593630
0 0.331869 0.376676 0.644421 0.376676 0.696513 0.622912 0.592329 0.869149 0.383961 0.869149 0.279777 0.622912
0 0.403068 0.341936 0.762901 0.341936 0.822873 0.587641 0.702929 0.833345 0.463040 0.833345 0.343096 0.587641
0 0.424372 0.345530 0.805753 0.345530 0.869317 0.589637 0.742190 0.833744 0.487936 0.833744 0.360809 0.589637
0 0.509275 0.329824 0.960739 0.329824 1.035983 0.560355 0.885495 0.790886 0.584519 0.790886 0.434031 0.560355
3 0.497280 0.373348 0.904393 0.373348 0.972245 0.622247 0.836541 0.871146 0.565132 0.871146 0.429428 0.622247
0 0.414714 0.356710 0.777057 0.356710 0.837448 0.677484 0.716667 0.998257 0.475105 0.998257 0.354324 0.677484
1 0.263703 0.364963 0.489435 0.364963 0.527057 0.628236 0.451813 0.891510 0.301325 0.891510 0.226081 0.628236
3 0.251883 0.479962 0.476151 0.479962 0.513529 0.807923 0.438773 1.135883 0.289261 1.135883 0.214505 0.807923