0 0.289959 0.364502 0.531403 0.364502 0.571643 0.519305 0.491162 0.674109 0.330199 0.674109 0.249718 0.519305
0 0.264498 0.396892 0.492178 0.396892 0.530124 0.545917 0.454231 0.694942 0.302445 0.694942 0.226551 0.545917
1 0.242422 0.370889 0.449568 0.370889 0.484092 0.517785 0.415043 0.664681 0.276946 0.664681 0.207898 0.517785
0 0.220948 0.269613 0.413877 0.269613 0.446032 0.414380 0.381722 0.559147 0.253103 0.559147 0.188793 0.414380
1 0.486461 0.328006 0.900527 0.328006 0.969537 0.488892 0.831516 0.649778 0.555472 0.649778 0.417450 0.488892
0 0.303686 0.413011 0.553027 0.413011 0.594584 0.667570 0.511470 0.922128 0.345243 0.922128 0.262129 0.667570
0 0.478977 0.371649 0.882437 0.371649 0.949680 0.620429 0.815194 0.869209 0.546220 0.869209 0.411734 0.620429
2 0.562956 0.358724 1.027115 0.358724 1.104475 0.589256 0.949756 0.819788 0.640316 0.819788 0.485596 0.589256
2 0.554870 0.280866 1.006619 0.280866 1.081910 0.399173 0.931328 0.517481 0.630162 0.517481 0.479579 0.399173
2 0.195299 0.268397 0.377849 0.268397 0.408274 0.396132 0.347424 0.523867 0.225724 0.523867 0.164874 0.396132
2 0.192591 0.410122 0.346709 0.410122 0.372396 0.631834 0.321023 0.853547 0.218278 0.853547 0.166905 0.631834