0 0.409552 0.312800 0.759308 0.312800 0.817601 0.549719 0.701015 0.786637 0.467845 0.786637 0.351260 0.549719
0 0.432869 0.331200 0.802933 0.331200 0.864611 0.558082 0.741256 0.784965 0.494547 0.784965 0.371192 0.558082
1 0.456600 0.315993 0.847649 0.315993 0.912824 0.538314 0.782475 0.760634 0.521775 0.760634 0.391425 0.538314
0 0.483001 0.254254 0.897969 0.254254 0.967131 0.454677 0.828808 0.655100 0.552162 0.655100 0.413840 0.454677
1 0.213200 0.301547 0.393042 0.301547 0.423016 0.516264 0.363069 0.730981 0.243174 0.730981 0.183227 0.516264
0 0.398007 0.402975 0.743024 0.402975 0.800527 0.685818 0.685521 0.968661 0.455510 0.968661 0.340504 0.685818
0 0.219519 0.371801 0.407033 0.371801 0.438285 0.631834 0.375780 0.891867 0.250771 0.891867 0.188266 0.631834
2 0.140015 0.350056 0.252614 0.350056 0.271380 0.600661 0.233847 0.851266 0.158781 0.851266 0.121249 0.600661
2 0.167018 0.274023 0.327905 0.274023 0.354720 0.453157 0.301091 0.632290 0.193832 0.632290 0.140203 0.453157
2 0.497894 0.268853 0.957540 0.268853 1.034148 0.428826 0.880933 0.588800 0.574502 0.588800 0.421286 0.428826
2 0.513238 0.386856 0.960248 0.386856 1.034750 0.656925 0.885747 0.926994 0.587740 0.926994 0.438736 0.656925