0 0.167051 0.253382 0.320720 0.253382 0.346331 0.442582 0.295108 0.631782 0.192662 0.631782 0.141440 0.442582
0 0.206778 0.242888 0.379525 0.242888 0.408316 0.437259 0.350734 0.631630 0.235570 0.631630 0.177987 0.437259
0 0.224878 0.140835 0.419427 0.140835 0.451852 0.302659 0.387002 0.464483 0.257303 0.464483 0.192453 0.302659
0 0.428477 0.290492 0.797240 0.290492 0.858700 0.500376 0.735779 0.710260 0.489937 0.710260 0.367016 0.500376
0 0.447729 0.296880 0.831796 0.296880 0.895807 0.507981 0.767785 0.719082 0.511740 0.719082 0.383718 0.507981
0 0.478372 0.242279 0.887806 0.242279 0.956045 0.429654 0.819567 0.617029 0.546611 0.617029 0.410133 0.429654
0 0.424179 0.345853 0.788959 0.345853 0.849755 0.587067 0.728162 0.828282 0.484976 0.828282 0.363382 0.587067
0 0.467820 0.330492 0.865514 0.330492 0.931796 0.552847 0.799231 0.775203 0.534102 0.775203 0.401537 0.552847
1 0.502655 0.353153 0.932006 0.353153 1.003564 0.591630 0.860447 0.830107 0.574214 0.830107 0.431097 0.591630
0 0.244689 0.332925 0.452027 0.332925 0.486583 0.557410 0.417470 0.781895 0.279245 0.781895 0.210133 0.557410
0 0.211251 0.321366 0.389029 0.321366 0.418658 0.546764 0.359399 0.772161 0.240881 0.772161 0.181621 0.546764
0 0.179700 0.298857 0.328337 0.298857 0.353110 0.501137 0.303564 0.703416 0.204472 0.703416 0.154927 0.501137