2 0.171170 0.355748 0.306546 0.355748 0.329109 0.578722 0.283983 0.801696 0.193733 0.801696 0.148607 0.578722
0 0.209053 0.379429 0.372423 0.379429 0.399652 0.615973 0.345195 0.852517 0.236281 0.852517 0.181825 0.615973
0 0.251636 0.381291 0.425244 0.381291 0.454178 0.625286 0.396309 0.869280 0.280571 0.869280 0.222702 0.625286
0 0.472040 0.367056 0.862918 0.367056 0.928064 0.608656 0.797772 0.850256 0.537187 0.850256 0.406894 0.608656
0 0.548329 0.525240 0.975348 0.525240 1.046518 0.756995 0.904178 0.988750 0.619499 0.988750 0.477159 0.756995
3 0.552507 0.295215 1.004596 0.295215 1.079944 0.520850 0.929248 0.746485 0.627855 0.746485 0.477159 0.520850
0 0.491469 0.333530 0.906163 0.333530 0.975279 0.490251 0.837047 0.646971 0.560585 0.646971 0.422354 0.490251
0 0.363127 0.449008 0.669603 0.449008 0.720682 0.611317 0.618524 0.773625 0.414206 0.773625 0.312047 0.611317
0 0.332486 0.458853 0.615982 0.458853 0.663231 0.617969 0.568733 0.777084 0.379735 0.777084 0.285237 0.617969
0 0.226253 0.357876 0.419290 0.357876 0.451462 0.518854 0.387117 0.679832 0.258426 0.679832 0.194081 0.518854
0 0.198329 0.294416 0.360864 0.294416 0.387953 0.450339 0.333774 0.606261 0.225418 0.606261 0.171240 0.450339
0 0.164171 0.356812 0.311455 0.356812 0.336003 0.509541 0.286908 0.662271 0.188719 0.662271 0.139624 0.509541