0 0.436072 0.451536 0.800000 0.451536 0.860655 0.705110 0.739345 0.958683 0.496727 0.958683 0.375418 0.705110
0 0.403377 0.355349 0.747040 0.355349 0.804318 0.550118 0.689763 0.744888 0.460655 0.744888 0.346100 0.550118
0 0.266922 0.532291 0.515111 0.532291 0.556476 0.805554 0.473747 1.078818 0.308287 1.078818 0.225557 0.805554
0 0.260655 0.444086 0.496309 0.444086 0.535585 0.707770 0.457033 0.971455 0.299930 0.971455 0.221379 0.707770
0 0.278586 0.367987 0.513196 0.367987 0.552298 0.590696 0.474095 0.813404 0.317688 0.813404 0.239485 0.590696
0 0.247597 0.351091 0.461316 0.351091 0.496936 0.556770 0.425696 0.762450 0.283217 0.762450 0.211978 0.556770
0 0.429840 0.349229 0.794394 0.349229 0.855153 0.556770 0.733635 0.764312 0.490599 0.764312 0.369081 0.556770
2 0.223189 0.319029 0.430014 0.319029 0.464485 0.494907 0.395543 0.670785 0.257660 0.670785 0.188719 0.494907
2 0.200104 0.411358 0.377890 0.411358 0.407521 0.653224 0.348259 0.895090 0.229735 0.895090 0.170474 0.653224
2 0.427542 0.241201 0.800870 0.241201 0.863092 0.433044 0.738649 0.624887 0.489763 0.624887 0.365320 0.433044
2 0.506616 0.407500 0.928621 0.407500 0.998955 0.633933 0.858287 0.860367 0.576950 0.860367 0.436281 0.633933