2 0.485670 0.293216 0.910206 0.293216 0.980962 0.523655 0.839450 0.754094 0.556426 0.754094 0.414914 0.523655
2 0.205636 0.236063 0.391615 0.236063 0.422612 0.417252 0.360619 0.598441 0.236632 0.598441 0.174639 0.417252
0 0.219622 0.279232 0.416117 0.279232 0.448866 0.478054 0.383368 0.676875 0.252371 0.676875 0.186873 0.478054
0 0.254536 0.287896 0.471237 0.287896 0.507354 0.501614 0.435120 0.715332 0.290653 0.715332 0.218419 0.501614
2 0.469347 0.235151 0.888729 0.235151 0.958625 0.409652 0.818832 0.584153 0.539244 0.584153 0.399450 0.409652
2 0.177938 0.324225 0.333402 0.324225 0.359313 0.596617 0.307491 0.869009 0.203849 0.869009 0.152027 0.596617
1 0.213883 0.329241 0.385430 0.329241 0.414021 0.594337 0.356838 0.859433 0.242474 0.859433 0.185292 0.594337
0 0.456529 0.329545 0.849313 0.329545 0.914777 0.570016 0.783849 0.810487 0.521993 0.810487 0.391065 0.570016
0 0.437251 0.289720 0.819107 0.289720 0.882749 0.510735 0.755464 0.731749 0.500893 0.731749 0.373608 0.510735
0 0.423230 0.357970 0.800137 0.357970 0.862955 0.623978 0.737320 0.889985 0.486048 0.889985 0.360412 0.623978
0 0.291134 0.362226 0.539794 0.362226 0.581237 0.646778 0.498351 0.931331 0.332577 0.931331 0.249691 0.646778
0 0.223574 0.429716 0.419038 0.429716 0.451615 0.733421 0.386460 1.037126 0.256151 1.037126 0.190997 0.733421