2 0.533006 0.341935 0.966655 0.341935 1.038930 0.560263 0.894381 0.778591 0.605281 0.778591 0.460731 0.560263
2 0.215843 0.320042 0.365741 0.320042 0.390724 0.548100 0.340758 0.776158 0.240826 0.776158 0.190860 0.548100
3 0.360156 0.360028 0.654062 0.360028 0.703047 0.599033 0.605078 0.838038 0.409140 0.838038 0.311171 0.599033
0 0.310359 0.387091 0.563033 0.387091 0.605146 0.626400 0.520921 0.865709 0.352471 0.865709 0.268246 0.626400
3 0.442857 0.371279 0.815775 0.371279 0.877928 0.605115 0.753622 0.838950 0.505010 0.838950 0.380704 0.605115
0 0.265030 0.328252 0.495972 0.328252 0.534462 0.494887 0.457481 0.661521 0.303521 0.661521 0.226540 0.494887
0 0.269838 0.423276 0.510122 0.423276 0.550169 0.672012 0.470074 0.920747 0.309885 0.920747 0.229790 0.672012
0 0.247089 0.400470 0.463812 0.400470 0.499932 0.634002 0.427691 0.867534 0.283209 0.867534 0.210968 0.634002
2 0.436933 0.270477 0.825085 0.270477 0.889777 0.479683 0.760393 0.688888 0.501625 0.688888 0.372241 0.479683
2 0.225965 0.328404 0.436188 0.328404 0.471225 0.519973 0.401151 0.711542 0.261002 0.711542 0.190928 0.519973
3 0.357617 0.297388 0.660664 0.297388 0.711171 0.605115 0.610156 0.912841 0.408125 0.912841 0.307109 0.605115