0 0.217837 0.266314 0.413369 0.266314 0.445957 0.435745 0.380780 0.605176 0.250426 0.605176 0.185248 0.435745
1 0.195390 0.229355 0.367730 0.229355 0.396454 0.374147 0.339007 0.518939 0.224113 0.518939 0.166667 0.374147
0 0.378901 0.297645 0.711879 0.297645 0.767376 0.484414 0.656383 0.671184 0.434397 0.671184 0.323404 0.484414
0 0.394787 0.267683 0.739255 0.267683 0.796667 0.451714 0.681844 0.635746 0.452199 0.635746 0.337376 0.451714
0 0.427057 0.252169 0.803440 0.252169 0.866170 0.425859 0.740709 0.599548 0.489787 0.599548 0.364326 0.425859
3 0.405745 0.363197 0.749574 0.363197 0.806879 0.657039 0.692270 0.950882 0.463050 0.950882 0.348440 0.657039
0 0.460674 0.341143 0.888972 0.341143 0.960355 0.596963 0.817589 0.852782 0.532057 0.852782 0.389291 0.596963
0 0.323085 0.435136 0.617340 0.435136 0.666383 0.727762 0.568298 1.020388 0.372128 1.020388 0.274043 0.727762
0 0.306773 0.459927 0.590390 0.459927 0.637660 0.757420 0.543121 1.054913 0.354043 1.054913 0.259504 0.757420
1 0.283865 0.433007 0.542376 0.433007 0.585461 0.718637 0.499291 1.004266 0.326950 1.004266 0.240780 0.718637
1 0.265567 0.502209 0.513865 0.502209 0.555248 0.730043 0.472482 0.957878 0.306950 0.957878 0.224184 0.730043
0 0.205957 0.431030 0.408936 0.431030 0.442766 0.653997 0.375106 0.876965 0.239787 0.876965 0.172128 0.653997
1 0.154929 0.336428 0.298972 0.336428 0.322979 0.577951 0.274965 0.819474 0.178936 0.819474 0.130922 0.577951
1 0.232766 0.383121 0.452340 0.383121 0.488936 0.630423 0.415745 0.877725 0.269362 0.877725 0.196170 0.630423
0 0.417482 0.441220 0.785355 0.441220 0.846667 0.714074 0.724043 0.986927 0.478794 0.986927 0.356170 0.714074