0 0.617881 0.299142 1.143985 0.299142 1.231669 0.444922 1.056301 0.590703 0.705565 0.590703 0.530196 0.444922
0 0.540098 0.303665 0.989362 0.303665 1.064239 0.446253 0.914484 0.588841 0.614975 0.588841 0.465221 0.446253
0 0.208797 0.296083 0.385311 0.296083 0.414730 0.446918 0.355892 0.597752 0.238216 0.597752 0.179378 0.446918
0 0.248282 0.296349 0.455483 0.296349 0.490016 0.448248 0.420949 0.600147 0.282815 0.600147 0.213748 0.448248
0 0.304624 0.349952 0.553805 0.349952 0.595336 0.572613 0.512275 0.795274 0.346154 0.795274 0.263093 0.572613
0 0.566694 0.531646 1.035597 0.531646 1.113748 0.760159 0.957447 0.988672 0.644845 0.988672 0.488543 0.760159
0 0.641530 0.363653 1.183347 0.363653 1.273650 0.578599 1.093044 0.793545 0.731833 0.793545 0.551227 0.578599
0 0.444517 0.337582 0.803437 0.337582 0.863257 0.559977 0.743617 0.782372 0.504337 0.782372 0.384697 0.559977
0 0.491612 0.370835 0.902823 0.370835 0.971358 0.601211 0.834288 0.831586 0.560147 0.831586 0.423077 0.601211
0 0.468290 0.361258 0.857406 0.361258 0.922259 0.579929 0.792553 0.798599 0.533142 0.798599 0.403437 0.579929
0 0.375736 0.357933 0.675000 0.357933 0.724877 0.576604 0.625123 0.795274 0.425614 0.795274 0.325859 0.576604
0 0.348527 0.357667 0.629378 0.357667 0.676187 0.580594 0.582570 0.803521 0.395336 0.803521 0.301718 0.580594