2 0.213849 0.319361 0.388900 0.319361 0.418076 0.516055 0.359725 0.712748 0.243024 0.712748 0.184674 0.516055
2 0.494502 0.246095 0.896564 0.246095 0.963574 0.385331 0.829553 0.524567 0.561512 0.524567 0.427491 0.385331
0 0.489553 0.301273 0.870584 0.301273 0.934089 0.456013 0.807079 0.610753 0.553058 0.610753 0.426048 0.456013
0 0.444399 0.305985 0.806460 0.305985 0.866804 0.461333 0.746117 0.616682 0.504742 0.616682 0.384055 0.461333
2 0.220653 0.247615 0.425395 0.247615 0.459519 0.368611 0.391271 0.489606 0.254777 0.489606 0.186529 0.368611
2 0.527010 0.328937 0.971959 0.328937 1.046117 0.527455 0.897801 0.725973 0.601168 0.725973 0.452852 0.527455
1 0.486667 0.333041 0.896151 0.333041 0.964399 0.537335 0.827904 0.741629 0.554914 0.741629 0.418419 0.537335
0 0.247216 0.341250 0.443505 0.341250 0.476220 0.555576 0.410790 0.769902 0.279931 0.769902 0.214502 0.555576
0 0.258454 0.319665 0.481753 0.319665 0.518969 0.468933 0.444536 0.618202 0.295670 0.618202 0.221237 0.468933
0 0.272577 0.350978 0.496495 0.350978 0.533814 0.582937 0.459175 0.814895 0.309897 0.814895 0.235258 0.582937
0 0.408900 0.360098 0.748488 0.360098 0.805086 0.592057 0.691890 0.824015 0.465498 0.824015 0.352302 0.592057
0 0.462646 0.402811 0.854192 0.402811 0.919450 0.629298 0.788935 0.855784 0.527904 0.855784 0.397388 0.629298