0 0.499010 0.227211 0.922489 0.227211 0.993069 0.318399 0.851909 0.409587 0.569590 0.409587 0.428430 0.318399
0 0.386245 0.132375 0.717008 0.132375 0.772136 0.254567 0.661881 0.376759 0.441372 0.376759 0.331117 0.254567
1 0.385255 0.197575 0.715170 0.197575 0.770156 0.299401 0.660184 0.401228 0.440240 0.401228 0.330269 0.299401
0 0.371782 0.215964 0.684088 0.215964 0.736139 0.310800 0.632037 0.405636 0.423833 0.405636 0.319731 0.310800
0 0.314710 0.230554 0.571429 0.230554 0.614215 0.313840 0.528642 0.397125 0.357496 0.397125 0.271924 0.313840
0 0.286103 0.203046 0.524364 0.203046 0.564074 0.293322 0.484653 0.383599 0.325813 0.383599 0.246393 0.293322
0 0.272525 0.198030 0.501874 0.198030 0.540099 0.292562 0.463649 0.387094 0.310750 0.387094 0.234300 0.292562
0 0.255764 0.216420 0.469837 0.216420 0.505516 0.311560 0.434158 0.406700 0.291443 0.406700 0.220085 0.311560
0 0.317221 0.287547 0.572454 0.287547 0.614993 0.468100 0.529915 0.648652 0.359760 0.648652 0.274682 0.468100
0 0.440665 0.184352 0.821711 0.184352 0.885219 0.277364 0.758204 0.370376 0.504173 0.370376 0.377157 0.277364
0 0.469130 0.224323 0.870332 0.224323 0.937199 0.319159 0.803465 0.413995 0.535997 0.413995 0.402263 0.319159