3 0.411664 0.266877 0.774965 0.266877 0.835515 0.404440 0.714415 0.542003 0.472214 0.542003 0.351114 0.404440
2 0.535550 0.336590 0.981163 0.336590 1.055432 0.540141 0.906894 0.743691 0.609819 0.743691 0.461281 0.540141
1 0.484297 0.386480 0.895230 0.386480 0.963719 0.607325 0.826741 0.828171 0.552786 0.828171 0.415808 0.607325
1 0.253377 0.522313 0.500104 0.522313 0.541226 0.754334 0.458983 0.986355 0.294499 0.986355 0.212256 0.754334
0 0.273538 0.331668 0.496657 0.331668 0.533844 0.548788 0.459471 0.765909 0.310724 0.765909 0.236351 0.548788
2 0.222006 0.350692 0.390808 0.350692 0.418942 0.557436 0.362674 0.764179 0.250139 0.764179 0.193872 0.557436
0 0.203377 0.203284 0.379492 0.203284 0.408844 0.367189 0.350139 0.531094 0.232730 0.531094 0.174025 0.367189
0 0.388997 0.257032 0.724513 0.257032 0.780432 0.387145 0.668593 0.517258 0.444916 0.517258 0.333078 0.387145
0 0.263719 0.296811 0.479318 0.296811 0.515251 0.438365 0.443384 0.579919 0.299652 0.579919 0.227786 0.438365
0 0.468733 0.278851 0.873189 0.278851 0.940599 0.425727 0.805780 0.572602 0.536142 0.572602 0.401323 0.425727
0 0.436560 0.301867 0.819708 0.301867 0.883565 0.443687 0.755850 0.585507 0.500418 0.585507 0.372702 0.443687