0 0.277471 0.366554 0.517515 0.366554 0.557522 0.599263 0.477507 0.831971 0.317478 0.831971 0.237463 0.599263
0 0.251032 0.365641 0.473156 0.365641 0.510177 0.605347 0.436136 0.845052 0.288053 0.845052 0.214012 0.605347
0 0.450811 0.358797 0.846386 0.358797 0.912316 0.595460 0.780457 0.832123 0.516740 0.832123 0.384882 0.595460
1 0.473562 0.373094 0.887058 0.373094 0.955973 0.615233 0.818142 0.857372 0.542478 0.857372 0.404646 0.615233
2 0.528208 0.324879 0.996128 0.324879 1.074115 0.518651 0.918142 0.712423 0.606195 0.712423 0.450221 0.518651
0 0.415560 0.325488 0.771755 0.325488 0.831121 0.679874 0.712389 1.034260 0.474926 1.034260 0.356195 0.679874
0 0.429056 0.359558 0.809145 0.359558 0.872493 0.679874 0.745796 1.000191 0.492404 1.000191 0.365708 0.679874
0 0.291077 0.437279 0.543732 0.437279 0.585841 0.790145 0.501622 1.143010 0.333186 1.143010 0.248968 0.790145
1 0.271313 0.398342 0.500074 0.398342 0.538201 0.750599 0.461947 1.102856 0.309440 1.102856 0.233186 0.750599
0 0.234440 0.445492 0.432227 0.445492 0.465192 0.787103 0.399263 1.128713 0.267404 1.128713 0.201475 0.787103
0 0.192294 0.426480 0.350479 0.426480 0.376844 0.755923 0.324115 1.085365 0.218658 1.085365 0.165929 0.755923
0 0.146091 0.447166 0.282375 0.447166 0.305088 0.758965 0.259661 1.070764 0.168805 1.070764 0.123378 0.758965