0 0.464903 0.321690 0.863092 0.321690 0.929457 0.570740 0.796727 0.819790 0.531267 0.819790 0.398538 0.570740
0 0.271657 0.280980 0.496448 0.280980 0.533914 0.409762 0.458983 0.538544 0.309123 0.538544 0.234192 0.409762
0 0.178760 0.181200 0.329596 0.181200 0.354735 0.335260 0.304457 0.489319 0.203900 0.489319 0.153621 0.335260
3 0.451950 0.364661 0.825905 0.364661 0.888231 0.592691 0.763579 0.820721 0.514276 0.820721 0.389624 0.592691
1 0.274513 0.468432 0.511003 0.468432 0.550418 0.735043 0.471588 1.001655 0.313928 1.001655 0.235097 0.735043
1 0.247876 0.252642 0.454074 0.252642 0.488440 0.394462 0.419708 0.536282 0.282242 0.536282 0.213510 0.394462
1 0.459993 0.282177 0.845021 0.282177 0.909192 0.433044 0.780850 0.583911 0.524164 0.583911 0.395822 0.433044
1 0.433217 0.305193 0.800070 0.305193 0.861212 0.441691 0.738928 0.578190 0.494359 0.578190 0.372075 0.441691
1 0.369150 0.315703 0.679596 0.315703 0.731337 0.453000 0.627855 0.590296 0.420891 0.590296 0.317409 0.453000
1 0.393593 0.201156 0.707382 0.201156 0.759680 0.336590 0.655084 0.472024 0.445891 0.472024 0.341295 0.336590
1 0.299443 0.298807 0.541783 0.298807 0.582173 0.423066 0.501393 0.547325 0.339833 0.547325 0.259053 0.423066