3 0.384728 0.356444 0.715690 0.356444 0.770851 0.629567 0.660530 0.902690 0.439888 0.902690 0.329568 0.629567
0 0.480544 0.348724 0.898117 0.348724 0.967713 0.613595 0.828522 0.878466 0.550139 0.878466 0.410948 0.613595
0 0.454254 0.348724 0.842120 0.348724 0.906764 0.593630 0.777476 0.838536 0.518898 0.838536 0.389609 0.593630
0 0.500558 0.314784 0.939470 0.314784 1.012622 0.531738 0.866318 0.748693 0.573710 0.748693 0.427406 0.531738
0 0.217190 0.284703 0.409031 0.284703 0.441004 0.498463 0.377057 0.712223 0.249163 0.712223 0.185216 0.498463
0 0.251499 0.338076 0.466771 0.338076 0.502650 0.594961 0.430893 0.851846 0.287378 0.851846 0.215621 0.594961
0 0.323013 0.343400 0.597490 0.343400 0.643236 0.626905 0.551743 0.910410 0.368759 0.910410 0.277266 0.626905
0 0.447594 0.313320 0.836925 0.313320 0.901813 0.533735 0.772036 0.754150 0.512483 0.754150 0.382706 0.533735
3 0.363842 0.466119 0.693340 0.466119 0.748257 0.777309 0.638424 1.088499 0.418759 1.088499 0.308926 0.777309
3 0.372943 0.491542 0.692608 0.491542 0.745886 0.762003 0.639331 1.032464 0.426220 1.032464 0.319665 0.762003
3 0.342608 0.455871 0.651813 0.455871 0.703347 0.758010 0.600279 1.060149 0.394142 1.060149 0.291074 0.758010