0 0.073404 0.258574 0.152455 0.258574 0.165630 0.469530 0.139280 0.680485 0.086579 0.680485 0.060229 0.469530
0 0.158797 0.297014 0.306833 0.297014 0.331506 0.506108 0.282160 0.715201 0.183470 0.715201 0.134124 0.506108
0 0.484370 0.279457 0.905155 0.279457 0.975286 0.487486 0.835025 0.695516 0.554501 0.695516 0.414239 0.487486
0 0.441203 0.289432 0.826391 0.289432 0.890589 0.498792 0.762193 0.708152 0.505401 0.708152 0.377005 0.498792
0 0.397177 0.322020 0.750941 0.322020 0.809902 0.632468 0.691980 0.942916 0.456137 0.942916 0.338216 0.632468
0 0.141776 0.469530 0.297668 0.469530 0.323650 0.776785 0.271686 1.084041 0.167758 1.084041 0.115794 0.776785
0 0.053560 0.400763 0.114198 0.400763 0.124304 0.679022 0.104092 0.957282 0.063666 0.957282 0.043453 0.679022
0 0.263216 0.346095 0.488830 0.346095 0.526432 0.614512 0.451227 0.882928 0.300818 0.882928 0.225614 0.614512
0 0.211498 0.362855 0.397340 0.362855 0.428314 0.659736 0.366367 0.956617 0.242471 0.956617 0.180524 0.659736
0 0.236989 0.359795 0.439771 0.359795 0.473568 0.643109 0.405974 0.926423 0.270786 0.926423 0.203191 0.643109
0 0.330278 0.346760 0.614075 0.346760 0.661375 0.627148 0.566776 0.907535 0.377578 0.907535 0.282979 0.627148
0 0.355442 0.340908 0.660106 0.340908 0.710884 0.585914 0.609329 0.830921 0.406219 0.830921 0.304664 0.585914