1 0.536151 0.361848 0.974153 0.361848 1.047153 0.570138 0.901153 0.778429 0.609151 0.778429 0.463151 0.570138
1 0.488369 0.315172 0.892001 0.315172 0.959273 0.519206 0.824729 0.723239 0.555641 0.723239 0.421097 0.519206
1 0.286343 0.425247 0.526092 0.425247 0.566050 0.662121 0.486133 0.898994 0.326301 0.898994 0.246385 0.662121
0 0.218407 0.329768 0.398428 0.329768 0.428432 0.535930 0.368425 0.742092 0.248411 0.742092 0.188404 0.535930
0 0.247118 0.335849 0.457737 0.335849 0.492840 0.554174 0.422634 0.772499 0.282221 0.772499 0.212015 0.554174
0 0.270625 0.347100 0.493608 0.347100 0.530772 0.569378 0.456444 0.791656 0.307789 0.791656 0.233461 0.569378
0 0.432204 0.325055 0.793084 0.325055 0.853231 0.530609 0.732937 0.736163 0.492351 0.736163 0.372057 0.530609
0 0.328676 0.199624 0.601118 0.199624 0.646525 0.318517 0.555711 0.437410 0.374083 0.437410 0.283269 0.318517
0 0.506322 0.240674 0.950192 0.240674 1.024170 0.362608 0.876214 0.484542 0.580300 0.484542 0.432344 0.362608
0 0.247572 0.254662 0.457981 0.254662 0.493049 0.385414 0.422913 0.516165 0.282641 0.516165 0.212504 0.385414
1 0.271463 0.267281 0.494866 0.267281 0.532099 0.392255 0.457632 0.517229 0.308697 0.517229 0.234230 0.392255
1 0.234614 0.257094 0.425533 0.257094 0.457352 0.385414 0.393713 0.513733 0.266434 0.513733 0.202794 0.385414
1 0.210863 0.261655 0.387111 0.261655 0.416486 0.408219 0.357737 0.554783 0.240238 0.554783 0.181488 0.408219
1 0.550122 0.255422 0.996507 0.255422 1.070905 0.374011 0.922110 0.492600 0.624520 0.492600 0.475725 0.374011
1 0.455012 0.156294 0.836640 0.156294 0.900244 0.328400 0.773035 0.500505 0.518617 0.500505 0.391408 0.328400