2 0.162338 0.373235 0.313517 0.373235 0.338713 0.642329 0.288320 0.911423 0.187535 0.911423 0.137142 0.642329
2 0.188236 0.247202 0.369735 0.247202 0.399985 0.431767 0.339485 0.616332 0.218486 0.616332 0.157987 0.431767
2 0.471714 0.178636 0.870927 0.178636 0.937462 0.324585 0.804391 0.470535 0.538249 0.470535 0.405179 0.324585
2 0.511193 0.333099 0.943042 0.333099 1.015017 0.569354 0.871067 0.805610 0.583168 0.805610 0.439218 0.569354
0 0.191360 0.417780 0.355382 0.417780 0.382719 0.713023 0.328045 1.008267 0.218697 1.008267 0.164023 0.713023
0 0.211573 0.434047 0.398336 0.434047 0.429463 0.739629 0.367208 1.045210 0.242700 1.045210 0.180446 0.739629
1 0.228172 0.289618 0.423146 0.289618 0.455642 0.510063 0.390650 0.730507 0.260667 0.730507 0.195676 0.510063
0 0.303059 0.309990 0.567938 0.309990 0.612084 0.543509 0.523791 0.777028 0.347206 0.777028 0.258913 0.543509
0 0.321904 0.309230 0.599626 0.309230 0.645913 0.547310 0.553339 0.785390 0.368191 0.785390 0.275617 0.547310
0 0.335906 0.349518 0.650897 0.349518 0.703395 0.584558 0.598398 0.819597 0.388404 0.819597 0.283407 0.584558
0 0.386053 0.369434 0.719362 0.369434 0.774914 0.580757 0.663811 0.792079 0.441605 0.792079 0.330502 0.580757
1 0.427954 0.297980 0.803795 0.297980 0.866435 0.526026 0.741155 0.754072 0.490594 0.754072 0.365313 0.526026
1 0.481715 0.459284 0.892509 0.459284 0.960974 0.722905 0.824043 0.986526 0.550181 0.986526 0.413250 0.722905