1 0.551184 0.432112 0.996170 0.432112 1.070334 0.659876 0.922006 0.887640 0.625348 0.887640 0.477019 0.659876
0 0.486386 0.350293 0.893141 0.350293 0.960933 0.575396 0.825348 0.800499 0.554178 0.800499 0.418593 0.575396
1 0.493245 0.310647 0.923189 0.310647 0.994847 0.479608 0.851532 0.648568 0.564903 0.648568 0.421588 0.479608
0 0.462674 0.338719 0.868802 0.338719 0.936490 0.500229 0.801114 0.661739 0.530362 0.661739 0.394986 0.500229
0 0.429004 0.404573 0.791052 0.404573 0.851393 0.628612 0.730710 0.852650 0.489345 0.852650 0.368663 0.628612
0 0.407521 0.341779 0.746379 0.341779 0.802855 0.558101 0.689903 0.774423 0.463997 0.774423 0.351045 0.558101
0 0.200627 0.328608 0.364833 0.328608 0.392201 0.504220 0.337465 0.679832 0.227994 0.679832 0.173259 0.504220
0 0.233043 0.322621 0.420857 0.322621 0.452159 0.482268 0.389554 0.641916 0.264345 0.641916 0.201741 0.482268
0 0.253935 0.263285 0.456372 0.263285 0.490111 0.413088 0.422632 0.562890 0.287674 0.562890 0.220195 0.413088
0 0.292444 0.335792 0.529979 0.335792 0.569568 0.553444 0.490390 0.771097 0.332033 0.771097 0.252855 0.553444
0 0.432939 0.271800 0.813579 0.271800 0.877019 0.421070 0.750139 0.570340 0.496379 0.570340 0.369499 0.421070
0 0.415181 0.278585 0.779109 0.278585 0.839763 0.424396 0.718454 0.570207 0.475836 0.570207 0.354526 0.424396