2 0.171699 0.332053 0.329316 0.332053 0.355586 0.597513 0.303047 0.862973 0.197969 0.862973 0.145430 0.597513
2 0.498307 0.321258 0.910630 0.321258 0.979350 0.548100 0.841909 0.774942 0.567028 0.774942 0.429587 0.548100
3 0.342079 0.340719 0.637610 0.340719 0.686865 0.618038 0.588355 0.895357 0.391334 0.895357 0.292823 0.618038
0 0.392586 0.371431 0.731991 0.371431 0.788558 0.642364 0.675423 0.913297 0.449154 0.913297 0.336019 0.642364
3 0.261882 0.383290 0.474746 0.383290 0.510223 0.671252 0.439269 0.959213 0.297360 0.959213 0.226405 0.671252
0 0.435342 0.326123 0.817197 0.326123 0.880840 0.555702 0.753555 0.785281 0.498984 0.785281 0.371699 0.555702
0 0.429959 0.441521 0.814455 0.441521 0.878538 0.761715 0.750372 1.081909 0.494042 1.081909 0.365877 0.761715
0 0.452200 0.386483 0.857211 0.386483 0.924712 0.684175 0.789709 0.981867 0.519702 0.981867 0.384699 0.684175
2 0.263609 0.282944 0.499425 0.282944 0.538727 0.443193 0.460122 0.603442 0.302911 0.603442 0.224306 0.443193
2 0.473595 0.325819 0.887949 0.325819 0.957007 0.510090 0.818890 0.694361 0.542654 0.694361 0.404536 0.510090
3 0.329959 0.326275 0.616554 0.326275 0.664320 0.603594 0.568788 0.880913 0.377725 0.880913 0.282194 0.603594