0 0.380927 0.293088 0.708333 0.293088 0.762901 0.436571 0.653766 0.580054 0.435495 0.580054 0.326360 0.436571
0 0.360042 0.420998 0.669247 0.420998 0.720781 0.561020 0.617713 0.701043 0.411576 0.701043 0.308508 0.561020
0 0.333229 0.425923 0.620049 0.425923 0.667852 0.567010 0.572245 0.708097 0.381032 0.708097 0.285425 0.567010
0 0.315969 0.335814 0.578731 0.335814 0.622524 0.474505 0.534937 0.613196 0.359763 0.613196 0.272176 0.474505
1 0.293480 0.355779 0.542643 0.355779 0.584170 0.494470 0.501116 0.633161 0.335007 0.633161 0.251953 0.494470
0 0.275035 0.315715 0.510181 0.315715 0.549372 0.449881 0.470990 0.584047 0.314226 0.584047 0.235844 0.449881
0 0.228905 0.280177 0.407775 0.280177 0.437587 0.425257 0.377964 0.570337 0.258717 0.570337 0.199093 0.425257
1 0.469944 0.408886 0.872455 0.408886 0.939540 0.642877 0.805370 0.876869 0.537029 0.876869 0.402859 0.642877
0 0.436018 0.348059 0.805265 0.348059 0.866806 0.574330 0.743724 0.800602 0.497559 0.800602 0.374477 0.574330
0 0.194073 0.316647 0.338006 0.316647 0.361994 0.518428 0.314017 0.720209 0.218061 0.720209 0.170084 0.518428
1 0.193515 0.293887 0.352510 0.293887 0.379010 0.439233 0.326011 0.584579 0.220014 0.584579 0.167015 0.439233
0 0.255823 0.380136 0.479881 0.380136 0.517225 0.608271 0.442538 0.836406 0.293166 0.836406 0.218480 0.608271
0 0.287796 0.348059 0.518340 0.348059 0.556764 0.569006 0.479916 0.789954 0.326220 0.789954 0.249372 0.569006