0 0.482057 0.265401 0.905887 0.265401 0.976525 0.434224 0.835248 0.603046 0.552695 0.603046 0.411418 0.434224
1 0.502518 0.230572 0.949965 0.230572 1.024539 0.377189 0.875390 0.523806 0.577092 0.523806 0.427943 0.377189
0 0.330355 0.299318 0.612908 0.299318 0.660000 0.479091 0.565816 0.658864 0.377447 0.658864 0.283262 0.479091
0 0.308936 0.281979 0.578298 0.281979 0.623191 0.442589 0.533404 0.603198 0.353830 0.603198 0.264043 0.442589
0 0.272447 0.260686 0.508404 0.260686 0.547730 0.398482 0.469078 0.536278 0.311773 0.536278 0.233121 0.398482
3 0.294504 0.380991 0.550887 0.380991 0.593617 0.596963 0.508156 0.812934 0.337234 0.812934 0.251773 0.596963
0 0.236206 0.351486 0.449610 0.351486 0.485177 0.561981 0.414043 0.772477 0.271773 0.772477 0.200638 0.561981
0 0.383972 0.312398 0.691206 0.312398 0.742411 0.518635 0.640000 0.724872 0.435177 0.724872 0.332766 0.518635
0 0.392695 0.378254 0.731418 0.378254 0.787872 0.596963 0.674965 0.815671 0.449149 0.815671 0.336241 0.596963
1 0.413369 0.432094 0.768901 0.432094 0.828156 0.673009 0.709645 0.913923 0.472624 0.913923 0.354113 0.673009
1 0.442589 0.443501 0.819823 0.443501 0.882695 0.707230 0.756950 0.970958 0.505461 0.970958 0.379716 0.707230
0 0.518156 0.395440 0.949220 0.395440 1.021064 0.612932 0.877376 0.830424 0.590000 0.830424 0.446312 0.612932
1 0.545709 0.343577 1.011028 0.343577 1.088582 0.549814 0.933475 0.756051 0.623262 0.756051 0.468156 0.549814
1 0.466418 0.392855 0.866206 0.392855 0.932837 0.612172 0.799574 0.831489 0.533050 0.831489 0.399787 0.612172
0 0.295248 0.488977 0.550142 0.488977 0.592624 0.686697 0.507660 0.884417 0.337730 0.884417 0.252766 0.686697