0 0.242967 0.456858 0.473607 0.456858 0.512047 0.779612 0.435167 1.102366 0.281407 1.102366 0.204526 0.779612
0 0.288893 0.373708 0.550244 0.373708 0.593802 0.632603 0.506685 0.891498 0.332451 0.891498 0.245334 0.632603
0 0.435376 0.494375 0.811838 0.494375 0.874582 0.807550 0.749095 1.120725 0.498120 1.120725 0.372632 0.807550
0 0.434192 0.449141 0.820682 0.449141 0.885097 0.767638 0.756267 1.086135 0.498607 1.086135 0.369777 0.767638
0 0.425070 0.369850 0.797772 0.369850 0.859889 0.623955 0.735655 0.878061 0.487187 0.878061 0.362953 0.623955
0 0.450383 0.341113 0.844185 0.341113 0.909819 0.582713 0.778552 0.824313 0.516017 0.824313 0.384749 0.582713
0 0.262152 0.350426 0.495508 0.350426 0.534401 0.602669 0.456616 0.854912 0.301045 0.854912 0.223259 0.602669
2 0.473189 0.313707 0.897284 0.313707 0.967967 0.514863 0.826602 0.716019 0.543872 0.716019 0.402507 0.514863
2 0.497806 0.420006 0.955536 0.420006 1.031825 0.708436 0.879248 0.996865 0.574095 0.996865 0.421518 0.708436
2 0.271971 0.256899 0.494046 0.256899 0.531058 0.402445 0.457033 0.547990 0.308983 0.547990 0.234958 0.402445
2 0.192514 0.418276 0.373642 0.418276 0.403830 0.699788 0.343454 0.981300 0.222702 0.981300 0.162326 0.699788