2 0.527890 0.332599 0.988127 0.332599 1.064833 0.588035 0.911421 0.843471 0.604596 0.843471 0.451184 0.588035
0 0.487674 0.363464 0.921797 0.363464 0.994150 0.638590 0.849443 0.913716 0.560028 0.913716 0.415320 0.638590
0 0.451219 0.371180 0.851706 0.371180 0.918454 0.647903 0.784958 0.924625 0.517967 0.924625 0.384471 0.647903
0 0.236943 0.346967 0.417653 0.346967 0.447772 0.662537 0.387535 0.978107 0.267061 0.978107 0.206825 0.662537
0 0.167967 0.464840 0.325070 0.464840 0.351253 0.779612 0.298886 1.094383 0.194150 1.094383 0.141783 0.779612
3 0.143872 0.302798 0.253760 0.302798 0.272075 0.537480 0.235446 0.772161 0.162187 0.772161 0.125557 0.537480
0 0.191678 0.325947 0.382834 0.325947 0.414694 0.565418 0.350975 0.804889 0.223538 0.804889 0.159819 0.565418
0 0.369185 0.448210 0.684436 0.448210 0.736978 0.615308 0.631894 0.782406 0.421727 0.782406 0.316643 0.615308
0 0.396588 0.391668 0.737117 0.391668 0.793872 0.611982 0.680362 0.832295 0.453343 0.832295 0.339833 0.611982
0 0.464763 0.343508 0.879248 0.343508 0.948329 0.586704 0.810167 0.829901 0.533844 0.829901 0.395682 0.586704
0 0.503865 0.318098 0.943210 0.318098 1.016435 0.550118 0.869986 0.782139 0.577089 0.782139 0.430641 0.550118
0 0.531650 0.334727 1.005258 0.334727 1.084192 0.558766 0.926323 0.782805 0.610585 0.782805 0.452716 0.558766