2 0.185376 0.252775 0.355014 0.252775 0.383287 0.441691 0.326741 0.630607 0.213649 0.630607 0.157103 0.441691
2 0.166818 0.408032 0.319951 0.408032 0.345474 0.691140 0.294429 0.974249 0.192340 0.974249 0.141295 0.691140
2 0.515494 0.322222 0.957347 0.322222 1.030989 0.574731 0.883705 0.827240 0.589136 0.827240 0.441852 0.574731
2 0.514798 0.298541 0.981720 0.298541 1.059540 0.488255 0.903900 0.677969 0.592618 0.677969 0.436978 0.488255
0 0.456198 0.311179 0.852298 0.311179 0.918315 0.543467 0.786281 0.775754 0.522214 0.775754 0.390181 0.543467
0 0.491678 0.293884 0.916400 0.293884 0.987187 0.520850 0.845613 0.747815 0.562465 0.747815 0.420891 0.520850
0 0.433043 0.336590 0.813475 0.336590 0.876880 0.573400 0.750070 0.810211 0.496448 0.810211 0.369638 0.573400
0 0.441400 0.362533 0.819742 0.362533 0.882799 0.620629 0.756685 0.878726 0.504457 0.878726 0.378343 0.620629
0 0.202403 0.300137 0.379770 0.300137 0.409331 0.516193 0.350209 0.732250 0.231964 0.732250 0.172841 0.516193
0 0.269603 0.319561 0.503377 0.319561 0.542340 0.550784 0.464415 0.782006 0.308565 0.782006 0.230641 0.550784
0 0.249826 0.368120 0.463962 0.368120 0.499652 0.632603 0.428273 0.897086 0.285515 0.897086 0.214136 0.632603