0 0.438411 0.144262 0.805516 0.144262 0.866700 0.286885 0.744332 0.429508 0.499595 0.429508 0.377227 0.286885
0 0.450557 0.162500 0.835881 0.162500 0.900101 0.294057 0.771660 0.425615 0.514777 0.425615 0.386336 0.294057
0 0.492510 0.159836 0.904251 0.159836 0.972874 0.274590 0.835628 0.389344 0.561134 0.389344 0.423887 0.274590
0 0.347065 0.190369 0.627632 0.190369 0.674393 0.310451 0.580870 0.430533 0.393826 0.430533 0.300304 0.310451
0 0.241043 0.125820 0.428998 0.125820 0.460324 0.274590 0.397672 0.423361 0.272368 0.423361 0.209717 0.274590
0 0.314170 0.334836 0.576518 0.334836 0.620243 0.547131 0.532794 0.759426 0.357895 0.759426 0.270445 0.547131
0 0.287146 0.335246 0.530668 0.335246 0.571255 0.540984 0.490081 0.746721 0.327733 0.746721 0.246559 0.540984
0 0.249747 0.325820 0.463816 0.325820 0.499494 0.530738 0.428138 0.735656 0.285425 0.735656 0.214069 0.530738
2 0.223836 0.295082 0.396609 0.295082 0.425405 0.483607 0.367814 0.672131 0.252632 0.672131 0.195040 0.483607
0 0.483806 0.370902 0.893725 0.370902 0.962045 0.604508 0.825405 0.838115 0.552126 0.838115 0.415486 0.604508
0 0.512652 0.339754 0.949899 0.339754 1.022773 0.555328 0.877024 0.770902 0.585526 0.770902 0.439777 0.555328