0 0.211589 0.168876 0.391464 0.168876 0.421443 0.339728 0.361485 0.510581 0.241568 0.510581 0.181610 0.339728
0 0.184872 0.266615 0.333518 0.266615 0.358293 0.465132 0.308744 0.663648 0.209646 0.663648 0.160097 0.465132
1 0.151388 0.233934 0.280257 0.233934 0.301735 0.412690 0.258779 0.591447 0.172866 0.591447 0.129910 0.412690
0 0.453574 0.321792 0.842054 0.321792 0.906801 0.544934 0.777307 0.768075 0.518321 0.768075 0.388827 0.544934
0 0.487058 0.292151 0.905725 0.292151 0.975503 0.504653 0.835947 0.717154 0.556836 0.717154 0.417280 0.504653
1 0.481645 0.150788 0.925711 0.150788 0.999722 0.348089 0.851700 0.545390 0.555656 0.545390 0.407634 0.348089
0 0.399306 0.347329 0.741568 0.347329 0.798612 0.640696 0.684525 0.934063 0.456350 0.934063 0.342262 0.640696
0 0.420715 0.362529 0.781922 0.362529 0.842124 0.617895 0.721721 0.873262 0.480916 0.873262 0.360514 0.617895
0 0.454545 0.350673 0.848022 0.350673 0.913602 0.607255 0.782443 0.863837 0.520125 0.863837 0.388966 0.607255
0 0.519015 0.312976 0.957044 0.312976 1.030049 0.529733 0.884039 0.746491 0.592019 0.746491 0.446010 0.529733
0 0.225815 0.343073 0.418182 0.343073 0.450243 0.579894 0.386121 0.816716 0.257876 0.816716 0.193754 0.579894