0 0.318271 0.289894 0.591074 0.289894 0.636541 0.513770 0.545607 0.737645 0.363738 0.737645 0.272803 0.513770
0 0.346374 0.342602 0.660600 0.342602 0.712971 0.567010 0.608229 0.791418 0.398745 0.791418 0.294003 0.567010
0 0.393201 0.343134 0.730230 0.343134 0.786402 0.553700 0.674059 0.764266 0.449372 0.764266 0.337029 0.553700
0 0.386053 0.331688 0.726220 0.331688 0.782915 0.557693 0.669526 0.783698 0.442748 0.783698 0.329358 0.557693
1 0.406904 0.315316 0.770921 0.315316 0.831590 0.518428 0.710251 0.721540 0.467573 0.721540 0.346234 0.518428
0 0.421757 0.279379 0.783264 0.279379 0.843515 0.482491 0.723013 0.685603 0.482008 0.685603 0.361506 0.482491
0 0.464749 0.272857 0.867887 0.272857 0.935077 0.473839 0.800697 0.674822 0.531939 0.674822 0.397559 0.473839
1 0.220328 0.422995 0.407985 0.422995 0.439261 0.721407 0.376709 1.019819 0.251604 1.019819 0.189052 0.721407
0 0.262727 0.340339 0.491806 0.340339 0.529986 0.592965 0.453626 0.845590 0.300907 0.845590 0.224547 0.592965
0 0.510635 0.306132 0.944735 0.306132 1.017085 0.529742 0.872385 0.753351 0.582985 0.753351 0.438285 0.529742
1 0.504428 0.273389 0.943968 0.273389 1.017225 0.472508 0.870711 0.671627 0.577685 0.671627 0.431172 0.472508
0 0.443619 0.380536 0.828347 0.380536 0.892469 0.670163 0.764226 0.959791 0.507741 0.959791 0.379498 0.670163
0 0.414296 0.333019 0.775384 0.333019 0.835565 0.588306 0.715202 0.843594 0.474477 0.843594 0.354114 0.588306