1 0.163336 0.432378 0.324826 0.432378 0.351741 0.717083 0.297911 1.001788 0.190251 1.001788 0.136421 0.717083
0 0.217897 0.334195 0.396309 0.334195 0.426045 0.593356 0.366574 0.852517 0.247632 0.852517 0.188162 0.593356
1 0.198155 0.317964 0.380536 0.317964 0.410933 0.544132 0.350139 0.770299 0.228552 0.770299 0.167758 0.544132
0 0.229352 0.295880 0.432208 0.295880 0.466017 0.522845 0.398398 0.749811 0.263162 0.749811 0.195543 0.522845
0 0.267653 0.450206 0.514380 0.450206 0.555501 0.750343 0.473259 1.050480 0.308774 1.050480 0.226532 0.750343
0 0.293419 0.319162 0.546414 0.319162 0.588579 0.566083 0.504248 0.813005 0.335585 0.813005 0.251253 0.566083
0 0.500104 0.320359 0.934436 0.320359 1.006825 0.544132 0.862047 0.767904 0.572493 0.767904 0.427716 0.544132
0 0.461978 0.300137 0.863928 0.300137 0.930919 0.521515 0.796936 0.742893 0.528969 0.742893 0.394986 0.521515
0 0.448990 0.283108 0.828169 0.283108 0.891365 0.496237 0.764972 0.709367 0.512187 0.709367 0.385794 0.496237
0 0.409784 0.307321 0.760132 0.307321 0.818524 0.554775 0.701741 0.802228 0.468175 0.802228 0.351393 0.554775
0 0.266713 0.278718 0.490251 0.278718 0.527507 0.490251 0.452994 0.701784 0.303969 0.701784 0.229457 0.490251
0 0.283252 0.291224 0.524547 0.291224 0.564763 0.502224 0.484331 0.713225 0.323468 0.713225 0.243036 0.502224