3 0.396255 0.375010 0.736200 0.375010 0.792857 0.652942 0.679542 0.930875 0.452913 0.930875 0.339598 0.652942
1 0.281588 0.364637 0.517302 0.364637 0.556588 0.643634 0.478017 0.922630 0.320874 0.922630 0.242302 0.643634
0 0.292892 0.280193 0.536512 0.280193 0.577115 0.500678 0.495908 0.721162 0.333495 0.721162 0.252288 0.500678
0 0.265326 0.295486 0.493343 0.295486 0.531345 0.511981 0.455340 0.728476 0.303329 0.728476 0.227323 0.511981
3 0.307490 0.304529 0.570458 0.304529 0.614286 0.527939 0.526630 0.751349 0.351318 0.751349 0.263662 0.527939
3 0.320111 0.246549 0.600139 0.246549 0.646810 0.442831 0.553467 0.639112 0.366782 0.639112 0.273440 0.442831
3 0.345562 0.334849 0.655132 0.334849 0.706727 0.562515 0.603537 0.790180 0.397157 0.790180 0.293967 0.562515
0 0.398093 0.283518 0.739910 0.283518 0.796879 0.511981 0.682940 0.740445 0.455062 0.740445 0.341123 0.511981
0 0.437795 0.297880 0.813939 0.297880 0.876630 0.519960 0.751248 0.742041 0.500485 0.742041 0.375104 0.519960
0 0.474896 0.259448 0.876006 0.259448 0.942857 0.464773 0.809154 0.670097 0.541748 0.670097 0.408044 0.464773
1 0.155617 0.382191 0.324965 0.382191 0.353190 0.626346 0.296741 0.870501 0.183842 0.870501 0.127393 0.626346