1 0.434074 0.422695 0.822249 0.422695 0.886945 0.731850 0.757553 1.041006 0.498770 1.041006 0.369378 0.731850
2 0.472864 0.230575 0.901025 0.230575 0.972386 0.345786 0.829665 0.460997 0.544224 0.460997 0.401504 0.345786
2 0.503452 0.291524 0.922386 0.291524 0.992208 0.504620 0.852563 0.717715 0.573274 0.717715 0.433630 0.504620
2 0.159398 0.359465 0.307450 0.359465 0.332126 0.633054 0.282775 0.906643 0.184074 0.906643 0.134723 0.633054
2 0.189679 0.104572 0.355776 0.104572 0.383459 0.212791 0.328093 0.321011 0.217362 0.321011 0.161996 0.212791
0 0.308681 0.238630 0.570335 0.238630 0.613944 0.445342 0.526726 0.652054 0.352290 0.652054 0.265072 0.445342
0 0.322386 0.271309 0.599009 0.271309 0.645113 0.494740 0.552905 0.718171 0.368489 0.718171 0.276282 0.494740
0 0.346172 0.240302 0.642891 0.240302 0.692344 0.459781 0.593438 0.679260 0.395625 0.679260 0.296719 0.459781
0 0.364012 0.243342 0.676316 0.243342 0.728366 0.452182 0.624265 0.661021 0.416063 0.661021 0.311962 0.452182
0 0.226692 0.441694 0.439747 0.441694 0.475256 0.755409 0.404238 1.069125 0.262201 1.069125 0.191183 0.755409
0 0.230417 0.300188 0.438756 0.300188 0.473479 0.508419 0.404033 0.716651 0.265140 0.716651 0.195694 0.508419