0 0.221671 0.321285 0.406623 0.321285 0.437448 0.554536 0.375798 0.787786 0.252497 0.787786 0.190846 0.554536
0 0.257524 0.321551 0.472018 0.321551 0.507767 0.566504 0.436269 0.811457 0.293273 0.811457 0.221775 0.566504
0 0.206172 0.223942 0.374272 0.223942 0.402288 0.401606 0.346255 0.579270 0.234189 0.579270 0.178155 0.401606
0 0.246637 0.171148 0.444071 0.171148 0.476976 0.285247 0.411165 0.399345 0.279542 0.399345 0.213731 0.285247
2 0.536269 0.267959 0.989390 0.267959 1.064910 0.456794 0.913870 0.645628 0.611789 0.645628 0.460749 0.456794
0 0.490777 0.301471 0.919764 0.301471 0.991262 0.523285 0.848266 0.745099 0.562275 0.745099 0.419279 0.523285
0 0.458079 0.317295 0.853988 0.317295 0.919972 0.546557 0.788003 0.775818 0.524064 0.775818 0.392094 0.546557
0 0.441436 0.340833 0.822781 0.340833 0.886338 0.583127 0.759223 0.825420 0.504993 0.825420 0.377878 0.583127
0 0.468516 0.227267 0.871290 0.227267 0.938419 0.415569 0.804161 0.603872 0.535645 0.603872 0.401387 0.415569
0 0.492302 0.181787 0.915465 0.181787 0.985992 0.327801 0.844938 0.473815 0.562829 0.473815 0.421775 0.327801
0 0.521845 0.215032 0.975381 0.215032 1.050971 0.380994 0.899792 0.546956 0.597434 0.546956 0.446255 0.380994
3 0.443100 0.207718 0.827358 0.207718 0.891401 0.373680 0.763315 0.539642 0.507143 0.539642 0.379057 0.373680
3 0.391678 0.253331 0.730374 0.253331 0.786824 0.459453 0.673925 0.665576 0.448128 0.665576 0.335229 0.459453
0 0.434743 0.239102 0.810055 0.239102 0.872607 0.440171 0.747503 0.641240 0.497295 0.641240 0.372191 0.440171
0 0.371671 0.260911 0.687275 0.260911 0.739875 0.472087 0.634674 0.683262 0.424272 0.683262 0.319071 0.472087
1 0.169591 0.217426 0.311685 0.217426 0.335368 0.383654 0.288003 0.549881 0.193273 0.549881 0.145908 0.383654
0 0.183079 0.306391 0.328710 0.306391 0.352982 0.517301 0.304438 0.728210 0.207351 0.728210 0.158807 0.517301