1 0.176493 0.379332 0.346036 0.379332 0.374293 0.627152 0.317779 0.874972 0.204750 0.874972 0.148236 0.627152
1 0.211282 0.306050 0.390884 0.306050 0.420817 0.540491 0.360950 0.774932 0.241216 0.774932 0.181348 0.540491
1 0.412469 0.412020 0.776493 0.412020 0.837164 0.703931 0.715823 0.995842 0.473140 0.995842 0.351799 0.703931
0 0.481942 0.318973 0.893538 0.318973 0.962138 0.544292 0.824939 0.769611 0.550541 0.769611 0.413343 0.544292
0 0.452253 0.333265 0.842892 0.333265 0.907999 0.579261 0.777786 0.825256 0.517359 0.825256 0.387146 0.579261
0 0.430562 0.338282 0.799616 0.338282 0.861125 0.575460 0.738107 0.812637 0.492071 0.812637 0.369053 0.575460
0 0.268250 0.303922 0.500873 0.303922 0.539644 0.548093 0.462103 0.792264 0.307021 0.792264 0.229480 0.548093
0 0.368599 0.203577 0.680650 0.203577 0.732658 0.376291 0.628641 0.549005 0.420608 0.549005 0.316591 0.376291
0 0.199686 0.210115 0.363360 0.210115 0.390639 0.395296 0.336081 0.580477 0.226965 0.580477 0.172407 0.395296
0 0.448690 0.259375 0.829689 0.259375 0.893189 0.463713 0.766189 0.668050 0.512190 0.668050 0.385190 0.463713
1 0.425148 0.247060 0.788963 0.247060 0.849598 0.444708 0.728327 0.642356 0.485784 0.642356 0.364513 0.444708
1 0.464687 0.240826 0.867482 0.240826 0.934614 0.442427 0.800349 0.644028 0.531820 0.644028 0.397555 0.442427
1 0.486483 0.270322 0.910653 0.270322 0.981348 0.469794 0.839958 0.669266 0.557178 0.669266 0.415788 0.469794
1 0.154104 0.223646 0.297869 0.223646 0.321830 0.409739 0.273908 0.595833 0.178065 0.595833 0.130143 0.409739
1 0.233077 0.190502 0.427768 0.190502 0.460217 0.332201 0.395320 0.473899 0.265526 0.473899 0.200629 0.332201