1 0.185865 0.378534 0.377426 0.378534 0.409353 0.657759 0.345499 0.936983 0.217792 0.936983 0.153938 0.657759
0 0.482982 0.391766 0.910830 0.391766 0.982138 0.667644 0.839522 0.943522 0.554290 0.943522 0.411674 0.667644
0 0.410197 0.410168 0.766315 0.410168 0.825668 0.701863 0.706962 0.993558 0.469550 0.993558 0.350844 0.701863
0 0.426688 0.327434 0.794831 0.327434 0.856188 0.599967 0.733474 0.872500 0.488045 0.872500 0.365331 0.599967
1 0.443776 0.307968 0.830485 0.307968 0.894937 0.587800 0.766034 0.867633 0.508228 0.867633 0.379325 0.587800
0 0.432103 0.288045 0.813326 0.288045 0.876864 0.488186 0.749789 0.688327 0.495640 0.688327 0.368565 0.488186
0 0.416139 0.265537 0.773734 0.265537 0.833333 0.463853 0.714135 0.662169 0.475738 0.662169 0.356540 0.463853
0 0.398629 0.281201 0.744831 0.281201 0.802532 0.482863 0.687131 0.684525 0.456329 0.684525 0.340928 0.482863
0 0.199648 0.313139 0.386146 0.313139 0.417229 0.534571 0.355063 0.756004 0.230731 0.756004 0.168565 0.534571
3 0.262764 0.269795 0.490401 0.269795 0.528340 0.474499 0.452461 0.679202 0.300703 0.679202 0.224824 0.474499
1 0.262764 0.269795 0.490401 0.269795 0.528340 0.474499 0.452461 0.679202 0.300703 0.679202 0.224824 0.474499
3 0.375141 0.288958 0.712060 0.288958 0.768214 0.489707 0.655907 0.690456 0.431294 0.690456 0.318987 0.489707
0 0.234880 0.298235 0.439522 0.298235 0.473629 0.504155 0.405415 0.710075 0.268987 0.710075 0.200774 0.504155
0 0.182911 0.330172 0.350844 0.330172 0.378833 0.551301 0.322855 0.772429 0.210900 0.772429 0.154923 0.551301
0 0.238502 0.305839 0.447152 0.305839 0.481927 0.530009 0.412377 0.754179 0.273277 0.754179 0.203727 0.530009