0 0.437410 0.294311 0.808622 0.294311 0.870491 0.501666 0.746753 0.709021 0.499278 0.709021 0.375541 0.501666
0 0.454185 0.317570 0.841631 0.317570 0.906205 0.537390 0.777056 0.757211 0.518759 0.757211 0.389610 0.537390
2 0.502670 0.186680 0.933838 0.186680 1.005700 0.354206 0.861977 0.521732 0.574531 0.521732 0.430808 0.354206
0 0.253499 0.281693 0.470166 0.281693 0.506277 0.482663 0.434055 0.683634 0.289610 0.683634 0.217388 0.482663
0 0.223773 0.281693 0.411869 0.281693 0.443218 0.484183 0.380519 0.686674 0.255123 0.686674 0.192424 0.484183
2 0.159524 0.206291 0.299351 0.206291 0.322655 0.350406 0.276046 0.494521 0.182828 0.494521 0.136219 0.350406
0 0.423773 0.312401 0.789791 0.312401 0.850794 0.630123 0.728788 0.947844 0.484776 0.947844 0.362771 0.630123
0 0.476696 0.358007 0.875397 0.358007 0.941847 0.599719 0.808947 0.841430 0.543146 0.841430 0.410245 0.599719
0 0.510390 0.341437 0.944156 0.341437 1.016450 0.576155 0.871861 0.810874 0.582684 0.810874 0.438095 0.576155
1 0.243434 0.352078 0.449928 0.352078 0.484343 0.588317 0.415512 0.824556 0.277850 0.824556 0.209019 0.588317
0 0.205700 0.344173 0.380159 0.344173 0.409235 0.573115 0.351082 0.802057 0.234776 0.802057 0.176623 0.573115
0 0.172222 0.353598 0.317677 0.353598 0.341919 0.585277 0.293434 0.816955 0.196465 0.816955 0.147980 0.585277
2 0.145599 0.379138 0.259885 0.379138 0.278932 0.658246 0.240837 0.937355 0.164646 0.937355 0.126551 0.658246
2 0.508983 0.329427 0.941234 0.329427 1.013276 0.566274 0.869192 0.803121 0.581025 0.803121 0.436941 0.566274
0 0.230700 0.372905 0.424423 0.372905 0.456710 0.649885 0.392136 0.926865 0.262987 0.926865 0.198413 0.649885