3 0.295996 0.316235 0.555675 0.316235 0.598955 0.564753 0.512396 0.813271 0.339276 0.813271 0.252716 0.564753
0 0.277124 0.347233 0.516748 0.347233 0.556685 0.597348 0.476811 0.847462 0.317061 0.847462 0.237187 0.597348
0 0.260585 0.327543 0.482451 0.327543 0.519429 0.568079 0.445474 0.808614 0.297563 0.808614 0.223607 0.568079
0 0.226253 0.385416 0.427646 0.385416 0.461212 0.653889 0.394081 0.922363 0.259819 0.922363 0.192688 0.653889
0 0.197180 0.356014 0.368280 0.356014 0.396797 0.613312 0.339763 0.870611 0.225696 0.870611 0.168663 0.613312
3 0.365877 0.480140 0.688440 0.480140 0.742201 0.794911 0.634680 1.109683 0.419638 1.109683 0.312117 0.794911
3 0.389345 0.453266 0.726950 0.453266 0.783217 0.781607 0.670682 1.109949 0.445613 1.109949 0.333078 0.781607
0 0.387256 0.466703 0.726950 0.466703 0.783565 0.800898 0.670334 1.135093 0.443872 1.135093 0.330641 0.800898
0 0.417932 0.374639 0.781233 0.374639 0.841783 0.661207 0.720682 0.947774 0.478482 0.947774 0.357382 0.661207
0 0.452159 0.483865 0.850766 0.483865 0.917201 0.818858 0.784331 1.153852 0.518593 1.153852 0.385724 0.818858
0 0.350696 0.474419 0.656964 0.474419 0.708008 0.795576 0.605919 1.116734 0.401741 1.116734 0.299652 0.795576
0 0.494116 0.311579 0.916748 0.311579 0.987187 0.570740 0.846309 0.829901 0.564554 0.829901 0.423677 0.570740
3 0.462430 0.316900 0.855815 0.316900 0.921379 0.561427 0.790251 0.805954 0.527994 0.805954 0.396866 0.561427
0 0.444116 0.320625 0.819116 0.320625 0.881616 0.565418 0.756616 0.810211 0.506616 0.810211 0.381616 0.565418
0 0.416295 0.345105 0.773120 0.345105 0.832591 0.597348 0.713649 0.849590 0.475766 0.849590 0.356825 0.597348