0 0.268903 0.210548 0.479293 0.210548 0.514358 0.350406 0.444228 0.490264 0.303968 0.490264 0.233838 0.350406
0 0.247006 0.364544 0.448521 0.364544 0.482107 0.507746 0.414935 0.650949 0.280592 0.650949 0.213420 0.507746
2 0.208153 0.205683 0.355339 0.205683 0.379870 0.332163 0.330808 0.458644 0.232684 0.458644 0.183622 0.332163
0 0.454906 0.200362 0.829365 0.200362 0.891775 0.335964 0.766955 0.471566 0.517316 0.471566 0.392496 0.335964
0 0.481313 0.201122 0.870058 0.201122 0.934848 0.333684 0.805267 0.466245 0.546104 0.466245 0.416522 0.333684
2 0.541991 0.211916 0.990476 0.211916 1.065224 0.337484 0.915729 0.463053 0.616739 0.463053 0.467244 0.337484
0 0.281457 0.367280 0.510029 0.367280 0.548124 0.603519 0.471934 0.839758 0.319553 0.839758 0.243362 0.603519
0 0.217027 0.361047 0.398413 0.361047 0.428644 0.593638 0.368182 0.826228 0.247258 0.826228 0.186797 0.593638
0 0.190512 0.343869 0.347006 0.343869 0.373088 0.574635 0.320924 0.805401 0.216595 0.805401 0.164430 0.574635
1 0.454293 0.351622 0.839358 0.351622 0.903535 0.589077 0.775180 0.826532 0.518470 0.826532 0.390115 0.589077
0 0.490476 0.350710 0.901299 0.350710 0.969769 0.582996 0.832828 0.815283 0.558947 0.815283 0.422006 0.582996
0 0.527309 0.358767 0.971248 0.358767 1.045238 0.592878 0.897258 0.826988 0.601299 0.826988 0.453319 0.592878
2 0.553932 0.376401 1.024711 0.376401 1.103175 0.605039 0.946248 0.833677 0.632395 0.833677 0.475469 0.605039
2 0.190440 0.337028 0.336977 0.337028 0.361400 0.561714 0.312554 0.786399 0.214863 0.786399 0.166017 0.561714
0 0.469661 0.370777 0.865115 0.370777 0.931025 0.604279 0.799206 0.837782 0.535570 0.837782 0.403752 0.604279