0 0.228412 0.338985 0.408078 0.338985 0.438022 0.556105 0.378134 0.773226 0.258357 0.773226 0.198468 0.556105
0 0.424896 0.251977 0.792375 0.251977 0.853621 0.458986 0.731128 0.665996 0.486142 0.665996 0.363649 0.458986
0 0.519986 0.189049 0.950766 0.189049 1.022563 0.319960 0.878969 0.450871 0.591783 0.450871 0.448189 0.319960
3 0.256128 0.394728 0.472981 0.394728 0.509123 0.688480 0.436838 0.982231 0.292270 0.982231 0.219986 0.688480
1 0.426636 0.474153 0.810829 0.474153 0.874861 0.779612 0.746797 1.085070 0.490669 1.085070 0.362604 0.779612
1 0.452786 0.249848 0.839694 0.249848 0.904178 0.444352 0.775209 0.638856 0.517270 0.638856 0.388301 0.444352
1 0.238196 0.288164 0.443558 0.288164 0.477786 0.504220 0.409331 0.720276 0.272423 0.720276 0.203969 0.504220
1 0.264311 0.317166 0.503099 0.317166 0.542897 0.537480 0.463301 0.757793 0.304109 0.757793 0.224513 0.537480
1 0.321205 0.317166 0.625174 0.317166 0.675836 0.533489 0.574513 0.749811 0.371866 0.749811 0.270543 0.533489
1 0.311038 0.216854 0.578238 0.216854 0.622772 0.413753 0.533705 0.610651 0.355571 0.610651 0.266504 0.413753
1 0.403273 0.276190 0.751323 0.276190 0.809331 0.489585 0.693315 0.702981 0.461281 0.702981 0.345265 0.489585