0 0.258047 0.175820 0.475759 0.175820 0.512045 0.317623 0.439474 0.459426 0.294332 0.459426 0.221761 0.317623
0 0.234767 0.151844 0.431225 0.151844 0.463968 0.279713 0.398482 0.407582 0.267510 0.407582 0.202024 0.279713
0 0.201265 0.154098 0.371609 0.154098 0.400000 0.297131 0.343219 0.440164 0.229656 0.440164 0.172874 0.297131
0 0.363664 0.257172 0.675810 0.257172 0.727834 0.472336 0.623785 0.687500 0.415688 0.687500 0.311640 0.472336
0 0.451569 0.157582 0.839929 0.157582 0.904656 0.298156 0.775202 0.438730 0.516296 0.438730 0.386842 0.298156
0 0.402480 0.387090 0.739221 0.387090 0.795344 0.619877 0.683097 0.852664 0.458603 0.852664 0.346356 0.619877
0 0.426872 0.364139 0.786690 0.364139 0.846660 0.595287 0.726721 0.826434 0.486842 0.826434 0.366903 0.595287
0 0.460324 0.356352 0.848381 0.356352 0.913057 0.576844 0.783704 0.797336 0.525000 0.797336 0.395648 0.576844
2 0.489524 0.348770 0.899140 0.348770 0.967409 0.551230 0.830870 0.753689 0.557794 0.753689 0.421255 0.551230
0 0.193472 0.422541 0.372318 0.422541 0.402126 0.678279 0.342510 0.934016 0.223279 0.934016 0.163664 0.678279
0 0.166953 0.429303 0.320901 0.429303 0.346559 0.669057 0.295243 0.908811 0.192611 0.908811 0.141296 0.669057