1 0.514202 0.302223 0.962647 0.302223 1.037388 0.462153 0.887906 0.622082 0.588943 0.622082 0.439461 0.462153
1 0.185418 0.328524 0.332205 0.328524 0.356669 0.572370 0.307740 0.816216 0.209883 0.816216 0.160954 0.572370
1 0.254699 0.167986 0.473013 0.167986 0.509399 0.362577 0.436628 0.557167 0.291085 0.557167 0.218314 0.362577
0 0.317554 0.183949 0.589150 0.183949 0.634416 0.349655 0.543884 0.515361 0.362820 0.515361 0.272287 0.349655
1 0.483760 0.328980 0.904630 0.328980 0.974775 0.489517 0.834485 0.650054 0.553905 0.650054 0.413614 0.489517
1 0.454768 0.301919 0.851382 0.301919 0.917484 0.454551 0.785280 0.607183 0.520871 0.607183 0.388666 0.454551
1 0.295923 0.344486 0.543055 0.344486 0.584243 0.480395 0.501866 0.616305 0.337111 0.616305 0.254734 0.480395
1 0.227194 0.309521 0.418970 0.309521 0.450933 0.469754 0.387008 0.629987 0.259157 0.629987 0.195232 0.469754
1 0.203041 0.309521 0.372633 0.309521 0.400898 0.463673 0.344368 0.617825 0.231306 0.617825 0.174775 0.463673
0 0.443469 0.348895 0.810850 0.348895 0.872080 0.575410 0.749620 0.801926 0.504699 0.801926 0.382239 0.575410
0 0.510608 0.455768 0.937906 0.455768 1.009122 0.694749 0.866690 0.933731 0.581824 0.933731 0.439392 0.694749