0 0.424226 0.367619 0.803650 0.367619 0.866888 0.604586 0.740413 0.841553 0.487463 0.841553 0.360988 0.604586
0 0.461726 0.377049 0.870133 0.377049 0.938201 0.613712 0.802065 0.850375 0.529794 0.850375 0.393658 0.613712
0 0.252692 0.367771 0.471497 0.367771 0.507965 0.591658 0.435029 0.815545 0.289159 0.815545 0.216224 0.591658
1 0.228835 0.379482 0.431932 0.379482 0.465782 0.621317 0.398083 0.863151 0.262684 0.863151 0.194985 0.621317
2 0.170612 0.324271 0.330125 0.324271 0.356711 0.523214 0.303540 0.722157 0.197198 0.722157 0.144027 0.523214
0 0.289712 0.380699 0.526659 0.380699 0.566150 0.624359 0.487168 0.868018 0.329204 0.868018 0.250221 0.624359
0 0.272898 0.382524 0.499226 0.382524 0.536947 0.628922 0.461504 0.875319 0.310619 0.875319 0.235177 0.628922
0 0.408886 0.462223 0.764417 0.462223 0.823673 0.718659 0.705162 0.975095 0.468142 0.975095 0.349631 0.718659
1 0.432153 0.401841 0.797198 0.401841 0.858038 0.669227 0.736357 0.936614 0.492994 0.936614 0.371313 0.669227
0 0.461246 0.432564 0.856600 0.432564 0.922493 0.708773 0.790708 0.984981 0.527139 0.984981 0.395354 0.708773
0 0.508665 0.445340 0.936763 0.445340 1.008112 0.713336 0.865413 0.981331 0.580015 0.981331 0.437316 0.713336
0 0.550111 0.465265 1.011836 0.465265 1.088791 0.733869 0.934882 1.002472 0.627065 1.002472 0.473156 0.733869