2 0.531964 0.383021 0.988231 0.383021 1.064276 0.600674 0.912187 0.818326 0.608008 0.818326 0.455919 0.600674
1 0.450975 0.379562 0.836630 0.379562 0.900905 0.600674 0.772354 0.821785 0.515251 0.821785 0.386699 0.600674
0 0.273120 0.380759 0.513788 0.380759 0.553900 0.614643 0.473677 0.848526 0.313231 0.848526 0.233008 0.614643
0 0.250836 0.398986 0.476880 0.398986 0.514554 0.627281 0.439206 0.855577 0.288510 0.855577 0.213162 0.627281
0 0.228969 0.346036 0.418663 0.346036 0.450279 0.566083 0.387047 0.786131 0.260585 0.786131 0.197354 0.566083
2 0.191713 0.347100 0.350070 0.347100 0.376462 0.562092 0.323677 0.777084 0.218106 0.777084 0.165320 0.562092
0 0.168280 0.175213 0.291330 0.175213 0.311838 0.363863 0.270822 0.552513 0.188788 0.552513 0.147772 0.363863
0 0.231511 0.236411 0.416818 0.236411 0.447702 0.378497 0.385933 0.520584 0.262396 0.520584 0.200627 0.378497
3 0.252855 0.243995 0.477646 0.243995 0.515111 0.397788 0.440181 0.551582 0.290320 0.551582 0.215390 0.397788
1 0.496518 0.327410 0.914345 0.327410 0.983983 0.486260 0.844708 0.645109 0.566156 0.645109 0.426880 0.486260
0 0.433740 0.322488 0.809993 0.322488 0.872702 0.476282 0.747284 0.630075 0.496448 0.630075 0.371031 0.476282
0 0.445369 0.208340 0.819951 0.208340 0.882382 0.385815 0.757521 0.563289 0.507799 0.563289 0.382939 0.385815