2 0.538399 0.377948 0.987852 0.377948 1.062761 0.599000 0.912943 0.820053 0.613308 0.820053 0.463490 0.599000
2 0.511939 0.246898 0.942021 0.246898 1.013701 0.383117 0.870341 0.519336 0.583619 0.519336 0.440259 0.383117
2 0.224742 0.191559 0.401736 0.191559 0.431235 0.325345 0.372237 0.459132 0.254241 0.459132 0.195243 0.325345
2 0.190597 0.320937 0.336218 0.320937 0.360489 0.541989 0.311948 0.763041 0.214867 0.763041 0.166326 0.541989
0 0.495551 0.393607 0.917000 0.393607 0.987241 0.622565 0.846758 0.851523 0.565792 0.851523 0.425309 0.622565
0 0.465792 0.404705 0.861133 0.404705 0.927023 0.643089 0.795243 0.881473 0.531682 0.881473 0.399902 0.643089
1 0.472004 0.321849 0.865449 0.321849 0.931023 0.476616 0.799875 0.631383 0.537578 0.631383 0.406430 0.476616
0 0.391466 0.319112 0.727009 0.319112 0.782933 0.482697 0.671085 0.646282 0.447390 0.646282 0.335543 0.482697
0 0.377008 0.335531 0.698654 0.335531 0.752262 0.490299 0.645046 0.645066 0.430616 0.645066 0.323401 0.490299
0 0.354023 0.306798 0.655666 0.306798 0.705940 0.460653 0.605392 0.614508 0.404296 0.614508 0.303749 0.460653
0 0.330686 0.418388 0.614432 0.418388 0.661723 0.582277 0.567141 0.746166 0.377977 0.746166 0.283395 0.582277
1 0.264782 0.303605 0.486625 0.303605 0.523599 0.452291 0.449651 0.600977 0.301756 0.600977 0.227808 0.452291
1 0.231725 0.457308 0.464938 0.457308 0.503807 0.738869 0.426069 1.020429 0.270594 1.020429 0.192856 0.738869