1 0.180822 0.309825 0.342329 0.309825 0.369247 0.536644 0.315411 0.763464 0.207740 0.763464 0.153905 0.536644
1 0.517519 0.344942 0.944817 0.344942 1.016033 0.575410 0.873601 0.805878 0.588735 0.805878 0.446303 0.575410
1 0.445370 0.202800 0.820007 0.202800 0.882446 0.332932 0.757567 0.463065 0.507809 0.463065 0.382930 0.332932
0 0.384520 0.205232 0.706704 0.205232 0.760401 0.337493 0.653006 0.469754 0.438217 0.469754 0.330822 0.337493
1 0.217830 0.293862 0.398618 0.293862 0.428749 0.513081 0.368487 0.732299 0.247961 0.732299 0.187699 0.513081
1 0.238459 0.333996 0.454699 0.333996 0.490739 0.558688 0.418659 0.783379 0.274499 0.783379 0.202419 0.558688
1 0.404976 0.299943 0.765722 0.299943 0.825847 0.499398 0.705598 0.698854 0.465100 0.698854 0.344851 0.499398
1 0.472495 0.322747 0.881341 0.322747 0.949482 0.555647 0.813200 0.788548 0.540636 0.788548 0.404354 0.555647
1 0.497374 0.286261 0.926952 0.286261 0.998549 0.513081 0.855356 0.739900 0.568970 0.739900 0.425777 0.513081
0 0.256876 0.339317 0.479129 0.339317 0.516171 0.594413 0.442087 0.849509 0.293918 0.849509 0.219834 0.594413
0 0.178956 0.458048 0.342122 0.458048 0.369316 0.776082 0.314927 1.094116 0.206151 1.094116 0.151762 0.776082