2 0.176010 0.378497 0.335829 0.378497 0.362465 0.656550 0.309192 0.934603 0.202646 0.934603 0.149373 0.656550
1 0.246100 0.369052 0.451671 0.369052 0.485933 0.650563 0.417409 0.932075 0.280362 0.932075 0.211838 0.650563
0 0.428377 0.422401 0.804213 0.422401 0.866852 0.720409 0.741574 1.018418 0.491017 1.018418 0.365738 0.720409
0 0.447040 0.386347 0.845439 0.386347 0.911838 0.681162 0.779039 0.975978 0.513440 0.975978 0.380641 0.681162
0 0.470160 0.343242 0.879422 0.343242 0.947632 0.588035 0.811212 0.832828 0.538370 0.832828 0.401950 0.588035
2 0.513057 0.332466 0.961177 0.332466 1.035864 0.603334 0.886490 0.874203 0.587744 0.874203 0.438370 0.603334
0 0.516052 0.190912 0.955397 0.190912 1.028621 0.362533 0.882173 0.534154 0.589276 0.534154 0.442827 0.362533
0 0.467967 0.232154 0.860724 0.232154 0.926184 0.439696 0.795265 0.647237 0.533426 0.647237 0.402507 0.439696
3 0.444255 0.223506 0.823851 0.223506 0.887117 0.404440 0.760585 0.585374 0.507521 0.585374 0.380989 0.404440
1 0.198955 0.308519 0.376950 0.308519 0.406616 0.526171 0.347284 0.743824 0.228621 0.743824 0.169290 0.526171
0 0.261490 0.311046 0.495474 0.311046 0.534471 0.532158 0.456476 0.753270 0.300487 0.753270 0.222493 0.532158
0 0.247145 0.219249 0.442270 0.219249 0.474791 0.367189 0.409749 0.515129 0.279666 0.515129 0.214624 0.367189