3 0.286560 0.284305 0.539345 0.284305 0.581476 0.482268 0.497214 0.680231 0.328691 0.680231 0.244429 0.482268
2 0.170857 0.402711 0.331929 0.402711 0.358774 0.677836 0.305084 0.952962 0.197702 0.952962 0.144011 0.677836
1 0.208113 0.379296 0.400522 0.379296 0.432591 0.655220 0.368454 0.931144 0.240181 0.931144 0.176045 0.655220
1 0.447911 0.472157 0.826462 0.472157 0.889554 0.741695 0.763370 1.011234 0.511003 1.011234 0.384819 0.741695
0 0.429944 0.329273 0.804735 0.329273 0.867201 0.582048 0.742270 0.834823 0.492409 0.834823 0.367479 0.582048
2 0.472284 0.349894 0.886351 0.349894 0.955362 0.601339 0.817340 0.852783 0.541295 0.852783 0.403273 0.601339
0 0.488092 0.200091 0.892131 0.200091 0.959471 0.331268 0.824791 0.462445 0.555432 0.462445 0.420752 0.331268
0 0.300035 0.302266 0.565564 0.302266 0.609819 0.524176 0.521309 0.746086 0.344290 0.746086 0.255780 0.524176
0 0.430745 0.275924 0.801149 0.275924 0.862883 0.488255 0.739415 0.700586 0.492479 0.700586 0.369011 0.488255
0 0.224234 0.287232 0.420613 0.287232 0.453343 0.496903 0.387883 0.706573 0.256964 0.706573 0.191504 0.496903
0 0.256790 0.287365 0.483461 0.287365 0.521240 0.500229 0.445682 0.713092 0.294568 0.713092 0.219011 0.500229