2 0.155610 0.365657 0.286886 0.365657 0.308766 0.638305 0.265007 0.910952 0.177489 0.910952 0.133731 0.638305
2 0.184888 0.247115 0.344565 0.247115 0.371178 0.437695 0.317952 0.628274 0.211501 0.628274 0.158275 0.437695
1 0.214832 0.272951 0.393864 0.272951 0.423703 0.475689 0.364025 0.678427 0.244670 0.678427 0.184993 0.475689
1 0.249264 0.350915 0.450596 0.350915 0.484151 0.575234 0.417041 0.799552 0.282819 0.799552 0.215708 0.575234
0 0.246318 0.344229 0.472475 0.344229 0.510168 0.567635 0.434783 0.791042 0.284011 0.791042 0.208626 0.567635
2 0.521248 0.331766 0.956311 0.331766 1.028822 0.556997 0.883801 0.782227 0.593759 0.782227 0.448738 0.556997
1 0.432714 0.341037 0.797300 0.341037 0.858065 0.568395 0.736536 0.795753 0.493478 0.795753 0.371950 0.568395
1 0.402805 0.345140 0.748668 0.345140 0.806311 0.613228 0.691024 0.881316 0.460449 0.881316 0.345161 0.613228
0 0.222090 0.459275 0.420266 0.459275 0.453296 0.769005 0.387237 1.078735 0.255119 1.078735 0.189060 0.769005
0 0.457433 0.480704 0.871459 0.480704 0.940463 0.792561 0.802454 1.104419 0.526438 1.104419 0.388429 0.792561
2 0.479944 0.287237 0.901543 0.287237 0.971809 0.489367 0.831276 0.691497 0.550210 0.691497 0.409677 0.489367