0 0.111089 0.252263 0.221169 0.252263 0.239516 0.430191 0.202823 0.608118 0.129435 0.608118 0.092742 0.430191
1 0.143185 0.227662 0.272137 0.227662 0.293629 0.397611 0.250645 0.567559 0.164677 0.567559 0.121694 0.397611
0 0.176895 0.280588 0.339234 0.280588 0.366290 0.478728 0.312177 0.676869 0.203952 0.676869 0.149839 0.478728
1 0.398710 0.316227 0.752903 0.316227 0.811935 0.559846 0.693871 0.803466 0.457742 0.803466 0.339677 0.559846
0 0.482500 0.364100 0.924758 0.364100 0.998468 0.623677 0.851048 0.883254 0.556210 0.883254 0.408790 0.623677
0 0.062056 0.315961 0.124234 0.315961 0.134597 0.538569 0.113871 0.761178 0.072419 0.761178 0.051694 0.538569
0 0.201169 0.287902 0.393992 0.287902 0.426129 0.491361 0.361855 0.694821 0.233306 0.694821 0.169032 0.491361
0 0.230605 0.184443 0.433105 0.184443 0.466855 0.350403 0.399355 0.516362 0.264355 0.516362 0.196855 0.350403
0 0.468306 0.222609 0.877661 0.222609 0.945887 0.398940 0.809435 0.575272 0.536532 0.575272 0.400081 0.398940
0 0.432137 0.236306 0.809798 0.236306 0.872742 0.424871 0.746855 0.613437 0.495081 0.613437 0.369194 0.424871
0 0.415040 0.159576 0.758347 0.159576 0.815565 0.277928 0.701129 0.396281 0.472258 0.396281 0.357823 0.277928
0 0.205161 0.318886 0.377903 0.318886 0.406694 0.543889 0.349113 0.768891 0.233952 0.768891 0.176371 0.543889
2 0.063992 0.292157 0.119879 0.292157 0.129194 0.513968 0.110565 0.735779 0.073306 0.735779 0.054677 0.513968
1 0.205161 0.318886 0.377903 0.318886 0.406694 0.543889 0.349113 0.768891 0.233952 0.768891 0.176371 0.543889