0 0.166129 0.430191 0.183468 0.444818 0.166129 0.274504 2 0.166129 0.630359 2 0.166129 0.430191 2
1 0.207661 0.397611 0.214919 0.424871 0.207661 0.248906 2 0.207661 0.588803 2 0.207661 0.397611 2
0 0.258065 0.478728 0.270565 0.495351 0.258065 0.305356 2 0.258065 0.701636 2 0.258065 0.478728 2
1 0.575806 0.559846 0.590323 0.609049 0.575806 0.346679 2 0.575806 0.833918 2 0.575806 0.559846 2
0 0.703629 0.623677 0.737097 0.648943 0.703629 0.396547 2 0.703629 0.915701 2 0.703629 0.623677 2
0 0.093145 0.538569 0.103629 0.556522 0.093145 0.343787 2 0.093145 0.789004 2 0.093145 0.538569 2
0 0.297581 0.491361 0.321371 0.508649 0.297581 0.313334 2 0.297581 0.720253 2 0.297581 0.491361 2
0 0.331855 0.350403 0.337500 0.414898 0.331855 0.205188 2 0.331855 0.537107 2 0.331855 0.350403 2
0 0.672984 0.398940 0.682258 0.440829 0.672984 0.244650 2 0.672984 0.597313 2 0.672984 0.398940 2
0 0.620968 0.424871 0.629435 0.471414 0.620968 0.259876 2 0.620968 0.637008 2 0.620968 0.424871 2
0 0.586694 0.277928 0.572177 0.295881 0.586694 0.174370 2 0.586694 0.411075 2 0.586694 0.277928 2
0 0.291532 0.543889 0.287903 0.562506 0.291532 0.347012 2 0.291532 0.797016 2 0.291532 0.543889 2
2 0.091935 0.513968 0.093145 0.554527 0.091935 0.319884 2 0.091935 0.763505 2 0.091935 0.513968 2
1 0.291532 0.543889 0.287903 0.562506 0.291532 0.347012 2 0.291532 0.797016 2 0.291532 0.543889 2