1 0.738424 0.462153 0.747408 0.399823 0.738424 0.322215 2 0.738424 0.642073 2 0.738424 0.462153 2
1 0.258811 0.572370 0.244644 0.609616 0.258811 0.359004 2 0.258811 0.846697 2 0.258811 0.572370 2
1 0.363856 0.362577 0.363856 0.486476 0.363856 0.192310 2 0.363856 0.581491 2 0.363856 0.362577 2
0 0.453352 0.349655 0.452661 0.414265 0.453352 0.204662 2 0.453352 0.536074 2 0.453352 0.349655 2
1 0.694195 0.489517 0.701451 0.401343 0.694195 0.349047 2 0.694195 0.670121 2 0.694195 0.489517 2
1 0.653075 0.454551 0.661023 0.381580 0.653075 0.320998 2 0.653075 0.626262 2 0.653075 0.454551 2
1 0.419489 0.480395 0.411887 0.339773 0.419489 0.361475 2 0.419489 0.633293 2 0.419489 0.480395 2
1 0.323082 0.469754 0.319627 0.400583 0.323082 0.329550 2 0.323082 0.650016 2 0.323082 0.469754 2
1 0.287837 0.463673 0.282654 0.385380 0.287837 0.328790 2 0.287837 0.637094 2 0.287837 0.463673 2
0 0.627160 0.575410 0.612301 0.566289 0.627160 0.377209 2 0.627160 0.830240 2 0.627160 0.575410 2
0 0.724257 0.694749 0.712163 0.597454 0.724257 0.485640 2 0.724257 0.963603 2 0.724257 0.694749 2