3 0.550209 0.629567 0.551604 0.682808 0.550209 0.390585 2 0.550209 0.936831 2 0.550209 0.629567 2
0 0.689331 0.613595 0.695955 0.662177 0.689331 0.381833 2 0.689331 0.911575 2 0.689331 0.613595 2
0 0.648187 0.593630 0.646444 0.612264 0.648187 0.379338 2 0.648187 0.869149 2 0.648187 0.593630 2
0 0.720014 0.531738 0.731520 0.542386 0.720014 0.341903 2 0.720014 0.775812 2 0.720014 0.531738 2
0 0.313110 0.498463 0.319735 0.534400 0.313110 0.311423 2 0.313110 0.738943 2 0.313110 0.498463 2
0 0.359135 0.594961 0.358787 0.642212 0.359135 0.370187 2 0.359135 0.883957 2 0.359135 0.594961 2
0 0.460251 0.626905 0.457462 0.708762 0.460251 0.378839 2 0.460251 0.945848 2 0.460251 0.626905 2
0 0.642259 0.533735 0.648884 0.551038 0.642259 0.340871 2 0.642259 0.781702 2 0.642259 0.533735 2
3 0.528591 0.777309 0.549163 0.777975 0.528591 0.505018 2 0.528591 1.127398 2 0.528591 0.777309 2
3 0.532775 0.762003 0.532775 0.676153 0.532775 0.525349 2 0.532775 1.066272 2 0.532775 0.762003 2
3 0.497211 0.758010 0.515342 0.755348 0.497211 0.493638 2 0.497211 1.097916 2 0.497211 0.758010 2