2 0.226288 0.576247 0.214920 0.599054 0.226288 0.366578 2 0.226288 0.845821 2 0.226288 0.576247 2
2 0.246536 0.352742 0.246892 0.386192 0.246536 0.217575 2 0.246536 0.526529 2 0.246536 0.352742 2
2 0.700888 0.324614 0.683481 0.336778 0.700888 0.206742 2 0.700888 0.476164 2 0.700888 0.324614 2
2 0.730018 0.579288 0.718295 0.609697 0.730018 0.365894 2 0.730018 0.853652 2 0.730018 0.579288 2
1 0.594316 0.611978 0.585435 0.628702 0.594316 0.391932 2 0.594316 0.894894 2 0.594316 0.611978 2
0 0.640142 0.591452 0.632327 0.604375 0.640142 0.379920 2 0.640142 0.863421 2 0.640142 0.591452 2
0 0.663233 0.652269 0.676732 0.679637 0.663233 0.414396 2 0.663233 0.958106 2 0.663233 0.652269 2
1 0.647247 0.542037 0.642274 0.478939 0.647247 0.374409 2 0.647247 0.757560 2 0.647247 0.542037 2
1 0.352753 0.593732 0.370160 0.561043 0.352753 0.397367 2 0.352753 0.846202 2 0.352753 0.593732 2
3 0.639432 0.589931 0.631616 0.602855 0.639432 0.378932 2 0.639432 0.861216 2 0.639432 0.589931 2
1 0.389698 0.544318 0.403908 0.556481 0.389698 0.349549 2 0.389698 0.794735 2 0.389698 0.544318 2