0 0.693972 0.434224 0.706383 0.422056 0.693972 0.286504 2 0.693972 0.624149 2 0.693972 0.434224 2
1 0.726241 0.377189 0.745745 0.366543 0.726241 0.248899 2 0.726241 0.542133 2 0.726241 0.377189 2
0 0.471631 0.479091 0.470922 0.449433 0.471631 0.321789 2 0.471631 0.681336 2 0.471631 0.479091 2
0 0.443617 0.442589 0.448936 0.401524 0.443617 0.302055 2 0.443617 0.623275 2 0.443617 0.442589 2
0 0.390426 0.398482 0.393262 0.344489 0.390426 0.277911 2 0.390426 0.553502 2 0.390426 0.398482 2
3 0.422695 0.596963 0.427305 0.539928 0.422695 0.407988 2 0.422695 0.839930 2 0.422695 0.596963 2
0 0.342908 0.561981 0.355674 0.526240 0.342908 0.377797 2 0.342908 0.798789 2 0.342908 0.561981 2
0 0.537589 0.518635 0.512057 0.515593 0.537589 0.338177 2 0.537589 0.750652 2 0.537589 0.518635 2
0 0.562057 0.596963 0.564539 0.546772 0.562057 0.405592 2 0.562057 0.843010 2 0.562057 0.596963 2
1 0.591135 0.673009 0.592553 0.602286 0.591135 0.462209 2 0.591135 0.944037 2 0.591135 0.673009 2
1 0.631206 0.707230 0.628723 0.659320 0.631206 0.476467 2 0.631206 1.003924 2 0.631206 0.707230 2
0 0.733688 0.612932 0.718440 0.543730 0.733688 0.422627 2 0.733688 0.857611 2 0.733688 0.612932 2
1 0.778369 0.549814 0.775532 0.515593 0.778369 0.369356 2 0.778369 0.781831 2 0.778369 0.549814 2
1 0.666312 0.612172 0.666312 0.548293 0.666312 0.420269 2 0.666312 0.858904 2 0.666312 0.612172 2
0 0.422695 0.686697 0.424823 0.494300 0.422695 0.513692 2 0.422695 0.909132 2 0.422695 0.686697 2