2 0.763125 0.599000 0.749088 0.552631 0.763125 0.405580 2 0.763125 0.847684 2 0.763125 0.599000 2
2 0.726980 0.383117 0.716803 0.340548 0.726980 0.263925 2 0.726980 0.536364 2 0.726980 0.383117 2
2 0.313239 0.325345 0.294991 0.334467 0.313239 0.208282 2 0.313239 0.475856 2 0.313239 0.325345 2
2 0.263407 0.541989 0.242703 0.552631 0.263407 0.348568 2 0.263407 0.790673 2 0.263407 0.541989 2
0 0.706275 0.622565 0.702415 0.572395 0.706275 0.422227 2 0.706275 0.880143 2 0.706275 0.622565 2
0 0.663462 0.643089 0.658900 0.595960 0.663462 0.434503 2 0.663462 0.911271 2 0.663462 0.643089 2
1 0.668726 0.476616 0.655742 0.386918 0.668726 0.341195 2 0.668726 0.650729 2 0.668726 0.476616 2
0 0.559238 0.482697 0.559238 0.408962 0.559238 0.339560 2 0.559238 0.666730 2 0.559238 0.482697 2
0 0.537831 0.490299 0.536077 0.386918 0.537831 0.354877 2 0.537831 0.664412 2 0.537831 0.490299 2
0 0.504844 0.460653 0.502739 0.384637 0.504844 0.326030 2 0.504844 0.633739 2 0.504844 0.460653 2
0 0.472559 0.582277 0.472910 0.409722 0.472559 0.438874 2 0.472559 0.766652 2 0.472559 0.582277 2
1 0.375704 0.452291 0.369738 0.371715 0.375704 0.322191 2 0.375704 0.619563 2 0.375704 0.452291 2
1 0.348331 0.738869 0.388688 0.703902 0.348331 0.492503 2 0.348331 1.055624 2 0.348331 0.738869 2