0 0.735849 0.327754 0.733054 0.260834 0.735849 0.236462 2 0.735849 0.445129 2 0.735849 0.327754 2
0 0.700908 0.384788 0.706150 0.260834 0.700908 0.293496 2 0.700908 0.502163 2 0.700908 0.384788 2
0 0.640112 0.287450 0.639064 0.425092 0.640112 0.138668 2 0.640112 0.478741 2 0.640112 0.287450 2
0 0.384347 0.431936 0.375262 0.276804 0.384347 0.335054 2 0.384347 0.556497 2 0.384347 0.431936 2
0 0.357442 0.487448 0.351502 0.292773 0.357442 0.384978 2 0.357442 0.619196 2 0.357442 0.487448 2
0 0.318658 0.336879 0.313068 0.265397 0.318658 0.243990 2 0.318658 0.456308 2 0.318658 0.336879 2
0 0.390287 0.576421 0.377358 0.574900 0.390287 0.375206 2 0.390287 0.835126 2 0.390287 0.576421 2
0 0.321104 0.547524 0.308526 0.536878 0.321104 0.359617 2 0.321104 0.789119 2 0.321104 0.547524 2
1 0.276380 0.581744 0.264500 0.574140 0.276380 0.380795 2 0.276380 0.840107 2 0.276380 0.581744 2
0 0.646052 0.556649 0.640112 0.557410 0.646052 0.361556 2 0.646052 0.807484 2 0.646052 0.556649 2
0 0.696366 0.536878 0.684836 0.533836 0.696366 0.350035 2 0.696366 0.777104 2 0.696366 0.536878 2
0 0.737247 0.502657 0.726765 0.504178 0.737247 0.326195 2 0.737247 0.729538 2 0.737247 0.502657 2