3 0.488510 0.574066 0.467967 0.578722 0.488510 0.371513 2 0.488510 0.834491 2 0.488510 0.574066 2
3 0.414694 0.573400 0.388231 0.549453 0.414694 0.381092 2 0.414694 0.820654 2 0.414694 0.573400 2
0 0.322075 0.558766 0.313370 0.543467 0.322075 0.368553 2 0.322075 0.803326 2 0.322075 0.558766 2
1 0.370474 0.561427 0.325557 0.556770 0.370474 0.366557 2 0.370474 0.811974 2 0.370474 0.561427 2
0 0.444986 0.570074 0.421657 0.570074 0.444986 0.370548 2 0.444986 0.826608 2 0.444986 0.570074 2
0 0.424443 0.582048 0.407730 0.566083 0.424443 0.383919 2 0.424443 0.836785 2 0.424443 0.582048 2
0 0.576253 0.582713 0.561281 0.568744 0.576253 0.383653 2 0.576253 0.838648 2 0.576253 0.582713 2
0 0.291435 0.437700 0.289694 0.363198 0.291435 0.310581 2 0.291435 0.601139 2 0.291435 0.437700 2
0 0.336003 0.444352 0.330084 0.369185 0.336003 0.315137 2 0.336003 0.610485 2 0.336003 0.444352 2
0 0.440111 0.472290 0.440460 0.365859 0.440111 0.344240 2 0.440111 0.636927 2 0.440111 0.472290 2
1 0.605850 0.472290 0.603760 0.416414 0.605850 0.326546 2 0.605850 0.659677 2 0.605850 0.472290 2
0 0.650766 0.460982 0.657382 0.415083 0.650766 0.315703 2 0.650766 0.647770 2 0.650766 0.460982 2
0 0.733287 0.466969 0.715877 0.383819 0.733287 0.332632 2 0.733287 0.639687 2 0.733287 0.466969 2
1 0.689067 0.502889 0.683148 0.408431 0.689067 0.359938 2 0.689067 0.686684 2 0.689067 0.502889 2
1 0.690808 0.615308 0.679318 0.578722 0.690808 0.412755 2 0.690808 0.875733 2 0.690808 0.615308 2
0 0.579387 0.502889 0.580084 0.382489 0.579387 0.369018 2 0.579387 0.675009 2 0.579387 0.502889 2