0 0.584430 0.549719 0.582926 0.592297 0.584430 0.342415 2 0.584430 0.816252 2 0.584430 0.549719 2
0 0.617901 0.558082 0.616773 0.567206 0.617901 0.359560 2 0.617901 0.813325 2 0.617901 0.558082 2
1 0.652125 0.538314 0.651749 0.555801 0.652125 0.343783 2 0.652125 0.788424 2 0.652125 0.538314 2
0 0.690485 0.454677 0.691613 0.501058 0.690485 0.279307 2 0.690485 0.680153 2 0.690485 0.454677 2
1 0.303121 0.516264 0.299737 0.536793 0.303121 0.328387 2 0.303121 0.757821 2 0.303121 0.516264 2
0 0.570515 0.685818 0.575028 0.707107 0.570515 0.438330 2 0.570515 1.004016 2 0.570515 0.685818 2
0 0.313276 0.631834 0.312524 0.650082 0.313276 0.404306 2 0.313276 0.924371 2 0.313276 0.631834 2
2 0.196314 0.600661 0.187665 0.626512 0.196314 0.381382 2 0.196314 0.882591 2 0.196314 0.600661 2
2 0.247461 0.453157 0.268146 0.447834 0.247461 0.296415 2 0.247461 0.654682 2 0.247461 0.453157 2
2 0.727717 0.428826 0.766077 0.399934 0.727717 0.288849 2 0.727717 0.608796 2 0.727717 0.428826 2
2 0.736743 0.656925 0.745017 0.675173 0.736743 0.420615 2 0.736743 0.960753 2 0.736743 0.656925 2