2 0.270195 0.441691 0.282730 0.472290 0.270195 0.276390 2 0.270195 0.654222 2 0.270195 0.441691 2
2 0.243384 0.691140 0.255223 0.707770 0.243384 0.443421 2 0.243384 1.009637 2 0.243384 0.691140 2
2 0.736421 0.574731 0.736421 0.631273 0.736421 0.353785 2 0.736421 0.858803 2 0.736421 0.574731 2
2 0.748259 0.488255 0.778203 0.474286 0.748259 0.322255 2 0.748259 0.701684 2 0.748259 0.488255 2
0 0.654248 0.543467 0.660167 0.580718 0.654248 0.340215 2 0.654248 0.804789 2 0.654248 0.543467 2
0 0.704039 0.520850 0.707869 0.567414 0.704039 0.322255 2 0.704039 0.776186 2 0.704039 0.520850 2
0 0.623259 0.573400 0.634053 0.592026 0.623259 0.366191 2 0.623259 0.839812 2 0.623259 0.573400 2
0 0.630571 0.620629 0.630571 0.645242 0.630571 0.394795 2 0.630571 0.910988 2 0.630571 0.620629 2
0 0.291086 0.516193 0.295613 0.540141 0.291086 0.327144 2 0.291086 0.759257 2 0.291086 0.516193 2
0 0.386490 0.550784 0.389624 0.578057 0.386490 0.348464 2 0.386490 0.810909 2 0.386490 0.550784 2
0 0.356894 0.632603 0.356894 0.661207 0.356894 0.401181 2 0.356894 0.930146 2 0.356894 0.632603 2