0 0.366903 0.317623 0.362854 0.354508 0.366903 0.193545 2 0.366903 0.477152 2 0.366903 0.317623 2
0 0.332996 0.279713 0.327429 0.319672 0.332996 0.167828 2 0.332996 0.423566 2 0.332996 0.279713 2
0 0.286437 0.297131 0.283907 0.357582 0.286437 0.171977 2 0.286437 0.458043 2 0.286437 0.297131 2
0 0.519737 0.472336 0.520243 0.537910 0.519737 0.284068 2 0.519737 0.714395 2 0.519737 0.472336 2
0 0.645749 0.298156 0.647267 0.351434 0.645749 0.175154 2 0.645749 0.456301 2 0.645749 0.298156 2
0 0.570850 0.619877 0.561235 0.581967 0.570850 0.416189 2 0.570850 0.881762 2 0.570850 0.619877 2
0 0.606781 0.595287 0.599696 0.577869 0.606781 0.393033 2 0.606781 0.855328 2 0.606781 0.595287 2
0 0.654352 0.576844 0.646761 0.551230 0.654352 0.383914 2 0.654352 0.824898 2 0.654352 0.576844 2
2 0.694332 0.551230 0.682692 0.506148 0.694332 0.374078 2 0.694332 0.778996 2 0.694332 0.551230 2
0 0.282895 0.678279 0.298077 0.639344 0.282895 0.454508 2 0.282895 0.965984 2 0.282895 0.678279 2
0 0.243927 0.669057 0.256579 0.599385 0.243927 0.459273 2 0.243927 0.938781 2 0.243927 0.669057 2