2 0.255919 0.656550 0.266365 0.695132 0.255919 0.413254 2 0.255919 0.969359 2 0.255919 0.656550 2
1 0.348886 0.650563 0.342618 0.703779 0.348886 0.404241 2 0.348886 0.967264 2 0.348886 0.650563 2
0 0.616295 0.720409 0.626393 0.745021 0.616295 0.459652 2 0.616295 1.055669 2 0.616295 0.720409 2
0 0.646240 0.681162 0.663997 0.737039 0.646240 0.423199 2 0.646240 1.012830 2 0.646240 0.681162 2
0 0.674791 0.588035 0.682103 0.611982 0.674791 0.373841 2 0.674791 0.863427 2 0.674791 0.588035 2
2 0.737117 0.603334 0.746866 0.677171 0.737117 0.366324 2 0.737117 0.908061 2 0.737117 0.603334 2
0 0.735724 0.362533 0.732242 0.429053 0.735724 0.212364 2 0.735724 0.555606 2 0.735724 0.362533 2
0 0.664345 0.439696 0.654596 0.518854 0.664345 0.258097 2 0.664345 0.673180 2 0.664345 0.439696 2
3 0.634053 0.404440 0.632660 0.452334 0.634053 0.246123 2 0.634053 0.607991 2 0.634053 0.404440 2
1 0.287953 0.526171 0.296657 0.544132 0.287953 0.335725 2 0.287953 0.771031 2 0.287953 0.526171 2
0 0.378482 0.532158 0.389972 0.552779 0.378482 0.338685 2 0.378482 0.780909 2 0.378482 0.532158 2
0 0.344708 0.367189 0.325209 0.369850 0.344708 0.237742 2 0.344708 0.533622 2 0.344708 0.367189 2