0 0.397493 0.599263 0.400074 0.581772 0.397493 0.395643 2 0.397493 0.861060 2 0.397493 0.599263 2
0 0.362094 0.605347 0.370206 0.599263 0.362094 0.395605 2 0.362094 0.875015 2 0.362094 0.605347 2
0 0.648599 0.595460 0.659292 0.591658 0.648599 0.388380 2 0.648599 0.861706 2 0.648599 0.595460 2
1 0.680310 0.615233 0.689159 0.605347 0.680310 0.403362 2 0.680310 0.887639 2 0.680310 0.615233 2
2 0.762168 0.518651 0.779867 0.484429 0.762168 0.349101 2 0.762168 0.736644 2 0.762168 0.518651 2
0 0.593658 0.679874 0.593658 0.885966 0.593658 0.369786 2 0.593658 1.078559 2 0.593658 0.679874 2
0 0.619100 0.679874 0.633481 0.800791 0.619100 0.399597 2 0.619100 1.040230 2 0.619100 0.679874 2
0 0.417404 0.790145 0.421091 0.882163 0.417404 0.481387 2 0.417404 1.187118 2 0.417404 0.790145 2
1 0.385693 0.750599 0.381268 0.880642 0.385693 0.442374 2 0.385693 1.146888 2 0.385693 0.750599 2
0 0.333333 0.787103 0.329646 0.854025 0.333333 0.488194 2 0.333333 1.171414 2 0.333333 0.787103 2
0 0.271386 0.755923 0.263643 0.823606 0.271386 0.467661 2 0.271386 1.126545 2 0.271386 0.755923 2
0 0.214233 0.758965 0.227139 0.779498 0.214233 0.486140 2 0.214233 1.109739 2 0.214233 0.758965 2