3 0.425836 0.564753 0.432799 0.621295 0.425836 0.347300 2 0.425836 0.844335 2 0.425836 0.564753 2
0 0.396936 0.597348 0.399373 0.625286 0.396936 0.378497 2 0.396936 0.878726 2 0.396936 0.597348 2
0 0.371518 0.568079 0.369777 0.601339 0.371518 0.357610 2 0.371518 0.838681 2 0.371518 0.568079 2
0 0.326950 0.653889 0.335655 0.671184 0.326950 0.418975 2 0.326950 0.955922 2 0.326950 0.653889 2
0 0.282730 0.613312 0.285167 0.643246 0.282730 0.388176 2 0.282730 0.902773 2 0.282730 0.613312 2
3 0.527159 0.794911 0.537604 0.786929 0.527159 0.519486 2 0.527159 1.149029 2 0.527159 0.794911 2
3 0.558148 0.781607 0.562674 0.820854 0.558148 0.494308 2 0.558148 1.150992 2 0.558148 0.781607 2
0 0.557103 0.800898 0.566156 0.835488 0.557103 0.508477 2 0.557103 1.176868 2 0.557103 0.800898 2
0 0.599582 0.661207 0.605501 0.716418 0.599582 0.410460 2 0.599582 0.983595 2 0.599582 0.661207 2
0 0.651462 0.818858 0.664345 0.837484 0.651462 0.525739 2 0.651462 1.195726 2 0.651462 0.818858 2
0 0.503830 0.795576 0.510446 0.802894 0.503830 0.514564 2 0.503830 1.156879 2 0.503830 0.795576 2
0 0.705432 0.570740 0.704387 0.647903 0.705432 0.343974 2 0.705432 0.862296 2 0.705432 0.570740 2
3 0.659123 0.561427 0.655641 0.611317 0.659123 0.347466 2 0.659123 0.836519 2 0.659123 0.561427 2
0 0.631616 0.565418 0.625000 0.611982 0.631616 0.351224 2 0.631616 0.840810 2 0.631616 0.565418 2
0 0.594708 0.597348 0.594708 0.630607 0.594708 0.376635 2 0.594708 0.881121 2 0.594708 0.597348 2