0 0.663997 0.570740 0.663649 0.622625 0.663997 0.352821 2 0.663997 0.850921 2 0.663997 0.570740 2
0 0.384053 0.409762 0.374652 0.321956 0.384053 0.297077 2 0.384053 0.554642 2 0.384053 0.409762 2
0 0.254178 0.335260 0.251393 0.385149 0.254178 0.200457 2 0.254178 0.508577 2 0.254178 0.335260 2
3 0.638928 0.592691 0.623259 0.570074 0.638928 0.393165 2 0.638928 0.849225 2 0.638928 0.592691 2
1 0.392758 0.735043 0.394150 0.666528 0.392758 0.501759 2 0.392758 1.034981 2 0.392758 0.735043 2
1 0.350975 0.394462 0.343663 0.354550 0.350975 0.270370 2 0.350975 0.554010 2 0.350975 0.394462 2
1 0.652507 0.433044 0.641713 0.377167 0.652507 0.301035 2 0.652507 0.602769 2 0.652507 0.433044 2
1 0.616643 0.441691 0.611421 0.341246 0.616643 0.322255 2 0.616643 0.595252 2 0.616643 0.441691 2
1 0.524373 0.453000 0.517409 0.343242 0.524373 0.332865 2 0.524373 0.607459 2 0.524373 0.453000 2
1 0.550487 0.336590 0.522981 0.338586 0.550487 0.218085 2 0.550487 0.488954 2 0.550487 0.336590 2
1 0.420613 0.423066 0.403900 0.310647 0.420613 0.314339 2 0.420613 0.562857 2 0.420613 0.423066 2