2 0.760097 0.600674 0.760446 0.544132 0.760097 0.410227 2 0.760097 0.845533 2 0.760097 0.600674 2
1 0.643802 0.600674 0.642758 0.552779 0.643802 0.407201 2 0.643802 0.849424 2 0.643802 0.600674 2
0 0.393454 0.614643 0.401114 0.584709 0.393454 0.409995 2 0.393454 0.877762 2 0.393454 0.614643 2
0 0.363858 0.627281 0.376741 0.570740 0.363858 0.427523 2 0.363858 0.884114 2 0.363858 0.627281 2
0 0.323816 0.566083 0.316156 0.550118 0.323816 0.373542 2 0.323816 0.813637 2 0.323816 0.566083 2
2 0.270891 0.562092 0.263928 0.537480 0.270891 0.373974 2 0.270891 0.803958 2 0.270891 0.562092 2
0 0.229805 0.363863 0.205084 0.471625 0.229805 0.198794 2 0.229805 0.576094 2 0.229805 0.363863 2
0 0.324164 0.378497 0.308844 0.355216 0.324164 0.254172 2 0.324164 0.538344 2 0.324164 0.378497 2
3 0.365251 0.397788 0.374652 0.384484 0.365251 0.263219 2 0.365251 0.570806 2 0.365251 0.397788 2
1 0.705432 0.486260 0.696379 0.397123 0.705432 0.347266 2 0.705432 0.664965 2 0.705432 0.486260 2
0 0.621866 0.476282 0.627089 0.384484 0.621866 0.341712 2 0.621866 0.649299 2 0.621866 0.476282 2
0 0.632660 0.385815 0.624304 0.443687 0.632660 0.230524 2 0.632660 0.585474 2 0.632660 0.385815 2