0 0.613938 0.604586 0.632375 0.592418 0.613938 0.397240 2 0.613938 0.871174 2 0.613938 0.604586 2
0 0.665929 0.613712 0.680678 0.591658 0.665929 0.406632 2 0.665929 0.879958 2 0.665929 0.613712 2
0 0.362094 0.591658 0.364676 0.559717 0.362094 0.395757 2 0.362094 0.843531 2 0.362094 0.591658 2
1 0.330383 0.621317 0.338496 0.604586 0.330383 0.409712 2 0.330383 0.893381 2 0.330383 0.621317 2
2 0.250369 0.523214 0.265855 0.497358 0.250369 0.349139 2 0.250369 0.747025 2 0.250369 0.523214 2
0 0.408186 0.624359 0.394912 0.609149 0.408186 0.411157 2 0.408186 0.898476 2 0.408186 0.624359 2
0 0.386062 0.628922 0.377212 0.615993 0.386062 0.413324 2 0.386062 0.906119 2 0.386062 0.628922 2
0 0.586652 0.718659 0.592552 0.641089 0.586652 0.494278 2 0.586652 1.007149 2 0.586652 0.718659 2
1 0.614676 0.669227 0.608407 0.668467 0.614676 0.435264 2 0.614676 0.970037 2 0.614676 0.669227 2
0 0.658923 0.708773 0.658923 0.690521 0.658923 0.467090 2 0.658923 1.019507 2 0.658923 0.708773 2
0 0.722714 0.713336 0.713496 0.669988 0.722714 0.478840 2 0.722714 1.014830 2 0.722714 0.713336 2
0 0.780973 0.733869 0.769543 0.671509 0.780973 0.498841 2 0.780973 1.036048 2 0.780973 0.733869 2