0 0.621964 0.286885 0.611842 0.356557 0.621964 0.162090 2 0.621964 0.447336 2 0.621964 0.286885 2
0 0.643219 0.294057 0.642206 0.328893 0.643219 0.178945 2 0.643219 0.442059 2 0.643219 0.294057 2
0 0.698381 0.274590 0.686235 0.286885 0.698381 0.174180 2 0.698381 0.403689 2 0.698381 0.274590 2
0 0.487348 0.310451 0.467611 0.300205 0.487348 0.205379 2 0.487348 0.445543 2 0.487348 0.310451 2
0 0.335020 0.274590 0.313259 0.371926 0.335020 0.144416 2 0.335020 0.441957 2 0.335020 0.274590 2
0 0.445344 0.547131 0.437247 0.530738 0.445344 0.361373 2 0.445344 0.785963 2 0.445344 0.547131 2
0 0.408907 0.540984 0.405870 0.514344 0.408907 0.360963 2 0.408907 0.772439 2 0.408907 0.540984 2
0 0.356781 0.530738 0.356781 0.512295 0.356781 0.351434 2 0.356781 0.761270 2 0.356781 0.530738 2
2 0.310223 0.483607 0.287955 0.471311 0.310223 0.318648 2 0.310223 0.695697 2 0.310223 0.483607 2
0 0.688765 0.604508 0.683198 0.584016 0.688765 0.400102 2 0.688765 0.867316 2 0.688765 0.604508 2
0 0.731275 0.555328 0.728745 0.538934 0.731275 0.366701 2 0.731275 0.797848 2 0.731275 0.555328 2