2 0.238858 0.578722 0.225627 0.557436 0.238858 0.383620 2 0.238858 0.829568 2 0.238858 0.578722 2
0 0.290738 0.615973 0.272284 0.591361 0.290738 0.408997 2 0.290738 0.882085 2 0.290738 0.615973 2
0 0.338440 0.625286 0.289345 0.609986 0.338440 0.411791 2 0.338440 0.899780 2 0.338440 0.625286 2
0 0.667479 0.608656 0.651462 0.604000 0.667479 0.397256 2 0.667479 0.880456 2 0.667479 0.608656 2
0 0.761838 0.756995 0.711699 0.579387 0.761838 0.554209 2 0.761838 1.017719 2 0.761838 0.756995 2
3 0.778552 0.520850 0.753482 0.564088 0.778552 0.323419 2 0.778552 0.774689 2 0.778552 0.520850 2
0 0.698816 0.490251 0.691156 0.391801 0.698816 0.353120 2 0.698816 0.666561 2 0.698816 0.490251 2
0 0.516365 0.611317 0.510794 0.405771 0.516365 0.469297 2 0.516365 0.793913 2 0.516365 0.611317 2
0 0.474234 0.617969 0.472493 0.397788 0.474234 0.478743 2 0.474234 0.796973 2 0.474234 0.617969 2
0 0.322772 0.518854 0.321727 0.402445 0.322772 0.377999 2 0.322772 0.699954 2 0.322772 0.518854 2
0 0.279596 0.450339 0.270891 0.389806 0.279596 0.313907 2 0.279596 0.625751 2 0.279596 0.450339 2
0 0.237813 0.509541 0.245474 0.381823 0.237813 0.375903 2 0.237813 0.681362 2 0.237813 0.509541 2