3 0.566227 0.652942 0.566574 0.694832 0.566227 0.409751 2 0.566227 0.965617 2 0.566227 0.652942 2
1 0.399445 0.643634 0.392857 0.697492 0.399445 0.399512 2 0.399445 0.957505 2 0.399445 0.643634 2
0 0.414702 0.500678 0.406033 0.551211 0.414702 0.307754 2 0.414702 0.748723 2 0.414702 0.500678 2
0 0.379334 0.511981 0.380028 0.541237 0.379334 0.322548 2 0.379334 0.755538 2 0.379334 0.511981 2
3 0.438974 0.527939 0.438280 0.558525 0.438974 0.332455 2 0.438974 0.779276 2 0.438974 0.527939 2
3 0.460125 0.442831 0.466713 0.490704 0.460125 0.271084 2 0.460125 0.663648 2 0.460125 0.442831 2
3 0.500347 0.562515 0.515950 0.569164 0.500347 0.363307 2 0.500347 0.818638 2 0.500347 0.562515 2
0 0.569001 0.511981 0.569695 0.571158 0.569001 0.312076 2 0.569001 0.769003 2 0.569001 0.511981 2
0 0.625867 0.519960 0.626907 0.555201 0.625867 0.325640 2 0.625867 0.769801 2 0.625867 0.519960 2
0 0.675451 0.464773 0.668516 0.513311 0.675451 0.285114 2 0.675451 0.695763 2 0.675451 0.464773 2
1 0.240291 0.626346 0.282247 0.610388 0.240291 0.412710 2 0.240291 0.901021 2 0.240291 0.626346 2