1 0.244081 0.717083 0.269150 0.711762 0.244081 0.467967 2 0.244081 1.037376 2 0.244081 0.717083 2
0 0.307103 0.593356 0.297354 0.647903 0.307103 0.366590 2 0.307103 0.884912 2 0.307103 0.593356 2
1 0.289345 0.544132 0.303969 0.565418 0.289345 0.346235 2 0.289345 0.798570 2 0.289345 0.544132 2
0 0.330780 0.522845 0.338092 0.567414 0.330780 0.324251 2 0.330780 0.778182 2 0.330780 0.522845 2
0 0.391017 0.750343 0.411212 0.750343 0.391017 0.487723 2 0.391017 1.087997 2 0.391017 0.750343 2
0 0.419916 0.566083 0.421657 0.617303 0.419916 0.350027 2 0.419916 0.843870 2 0.419916 0.566083 2
0 0.717270 0.544132 0.723886 0.559431 0.717270 0.348331 2 0.717270 0.795876 2 0.717270 0.544132 2
0 0.662953 0.521515 0.669916 0.553444 0.662953 0.327809 2 0.662953 0.770565 2 0.662953 0.521515 2
0 0.638579 0.496237 0.631964 0.532823 0.638579 0.309749 2 0.638579 0.736008 2 0.638579 0.496237 2
0 0.584958 0.554775 0.583914 0.618634 0.584958 0.338253 2 0.584958 0.833160 2 0.584958 0.554775 2
0 0.378482 0.490251 0.372563 0.528832 0.378482 0.305159 2 0.378482 0.728225 2 0.378482 0.490251 2
0 0.403900 0.502224 0.402159 0.527502 0.403900 0.317599 2 0.403900 0.739600 2 0.403900 0.502224 2