1 0.261264 0.627152 0.282571 0.619550 0.261264 0.410310 2 0.261264 0.905950 2 0.261264 0.627152 2
1 0.301083 0.540491 0.299336 0.586102 0.301083 0.335355 2 0.301083 0.804237 2 0.301083 0.540491 2
1 0.594481 0.703931 0.606706 0.729777 0.594481 0.448509 2 0.594481 1.032330 2 0.594481 0.703931 2
0 0.687740 0.544292 0.685994 0.563297 0.687740 0.347138 2 0.687740 0.797776 2 0.687740 0.544292 2
0 0.647572 0.579261 0.651065 0.614989 0.647572 0.364014 2 0.647572 0.856006 2 0.647572 0.579261 2
0 0.615089 0.575460 0.615089 0.592944 0.615089 0.367929 2 0.615089 0.842284 2 0.615089 0.575460 2
0 0.384562 0.548093 0.387705 0.610428 0.384562 0.334443 2 0.384562 0.822786 2 0.384562 0.548093 2
0 0.524625 0.376291 0.520084 0.431785 0.524625 0.225167 2 0.524625 0.570594 2 0.524625 0.376291 2
0 0.281523 0.395296 0.272791 0.462952 0.281523 0.233263 2 0.281523 0.603624 2 0.281523 0.395296 2
0 0.639190 0.463713 0.634998 0.510844 0.639190 0.284917 2 0.639190 0.693592 2 0.639190 0.463713 2
1 0.607056 0.444708 0.606357 0.494120 0.607056 0.271766 2 0.607056 0.667062 2 0.607056 0.444708 2
1 0.666085 0.442427 0.671324 0.504002 0.666085 0.266027 2 0.666085 0.669228 2 0.666085 0.442427 2
1 0.698568 0.469794 0.706951 0.498681 0.698568 0.295256 2 0.698568 0.694200 2 0.698568 0.469794 2
1 0.225987 0.409739 0.239609 0.465233 0.225987 0.246908 2 0.225987 0.619094 2 0.225987 0.409739 2
1 0.330423 0.332201 0.324485 0.354246 0.330423 0.208215 2 0.330423 0.491611 2 0.330423 0.332201 2