0 0.710750 0.318399 0.705799 0.227971 0.710750 0.238609 2 0.710750 0.420986 2 0.710750 0.318399 2
0 0.551627 0.254567 0.551273 0.305481 0.551627 0.147649 2 0.551627 0.392033 2 0.551627 0.254567 2
1 0.550212 0.299401 0.549859 0.254567 0.550212 0.210303 2 0.550212 0.413957 2 0.550212 0.299401 2
0 0.527935 0.310800 0.520509 0.237089 0.527935 0.227819 2 0.527935 0.417490 2 0.527935 0.310800 2
0 0.443069 0.313840 0.427864 0.208213 0.443069 0.240965 2 0.443069 0.407535 2 0.443069 0.313840 2
0 0.405233 0.293322 0.397100 0.225691 0.405233 0.214330 2 0.405233 0.394883 2 0.405233 0.293322 2
0 0.387199 0.292562 0.382249 0.236330 0.387199 0.209847 2 0.387199 0.398911 2 0.387199 0.292562 2
0 0.362801 0.311560 0.356789 0.237849 0.362801 0.228313 2 0.362801 0.418592 2 0.362801 0.311560 2
0 0.444837 0.468100 0.425389 0.451382 0.444837 0.310116 2 0.444837 0.671222 2 0.444837 0.468100 2
0 0.631188 0.277364 0.635078 0.232530 0.631188 0.195979 2 0.631188 0.382003 2 0.631188 0.277364 2
0 0.669731 0.319159 0.668670 0.237089 0.669731 0.236178 2 0.669731 0.425849 2 0.669731 0.319159 2