0 0.544630 0.436571 0.545676 0.358707 0.544630 0.311024 2 0.544630 0.597989 2 0.544630 0.436571 2
0 0.514644 0.561020 0.515342 0.350055 0.514644 0.438501 2 0.514644 0.718545 2 0.514644 0.561020 2
0 0.476639 0.567010 0.478033 0.352717 0.476639 0.443559 2 0.476639 0.725733 2 0.476639 0.567010 2
0 0.447350 0.474505 0.437936 0.346728 0.447350 0.353150 2 0.447350 0.630532 2 0.447350 0.474505 2
1 0.418061 0.494470 0.415272 0.346728 0.418061 0.373115 2 0.418061 0.650498 2 0.418061 0.494470 2
0 0.392608 0.449881 0.391911 0.335414 0.392608 0.332486 2 0.392608 0.600818 2 0.392608 0.449881 2
0 0.318340 0.425257 0.298117 0.362700 0.318340 0.298312 2 0.318340 0.588472 2 0.318340 0.425257 2
1 0.671199 0.642877 0.670851 0.584979 0.671199 0.438135 2 0.671199 0.906118 2 0.671199 0.642877 2
0 0.620642 0.574330 0.615411 0.565679 0.620642 0.376343 2 0.620642 0.828886 2 0.620642 0.574330 2
0 0.266039 0.518428 0.239888 0.504453 0.266039 0.341870 2 0.266039 0.745432 2 0.266039 0.518428 2
1 0.273013 0.439233 0.264993 0.363366 0.273013 0.312055 2 0.273013 0.602748 2 0.273013 0.439233 2
0 0.367852 0.608271 0.373431 0.570337 0.367852 0.408653 2 0.367852 0.864923 2 0.367852 0.608271 2
0 0.403068 0.569006 0.384240 0.552369 0.403068 0.375677 2 0.403068 0.817572 2 0.403068 0.569006 2