2 0.697938 0.523655 0.707560 0.576096 0.697938 0.322021 2 0.697938 0.782898 2 0.697938 0.523655 2
2 0.298625 0.417252 0.309966 0.452973 0.298625 0.258711 2 0.298625 0.621090 2 0.298625 0.417252 2
0 0.317869 0.478054 0.327491 0.497054 0.317869 0.304085 2 0.317869 0.701728 2 0.317869 0.478054 2
0 0.362887 0.501614 0.361168 0.534295 0.362887 0.314611 2 0.362887 0.742047 2 0.362887 0.501614 2
2 0.679038 0.409652 0.698969 0.436252 0.679038 0.256963 2 0.679038 0.605965 2 0.679038 0.409652 2
2 0.255670 0.596617 0.259107 0.680979 0.255670 0.358274 2 0.255670 0.903058 2 0.255670 0.596617 2
1 0.299656 0.594337 0.285911 0.662739 0.299656 0.362378 2 0.299656 0.892569 2 0.299656 0.594337 2
0 0.652921 0.570016 0.654639 0.601177 0.652921 0.359604 2 0.652921 0.840546 2 0.652921 0.570016 2
0 0.628179 0.510735 0.636426 0.552536 0.628179 0.317347 2 0.628179 0.759376 2 0.628179 0.510735 2
0 0.611684 0.623978 0.628179 0.665019 0.611684 0.391221 2 0.611684 0.923236 2 0.611684 0.623978 2
0 0.415464 0.646778 0.414433 0.711380 0.415464 0.397795 2 0.415464 0.966900 2 0.415464 0.646778 2
0 0.321306 0.733421 0.325773 0.759262 0.321306 0.467679 2 0.321306 1.075089 2 0.321306 0.733421 2