0 0.315603 0.435745 0.325887 0.423577 0.315603 0.287493 2 0.315603 0.626354 2 0.315603 0.435745 2
1 0.281560 0.374147 0.287234 0.361980 0.281560 0.247454 2 0.281560 0.537038 2 0.281560 0.374147 2
0 0.545390 0.484414 0.554965 0.466924 0.545390 0.320991 2 0.545390 0.694530 2 0.545390 0.484414 2
0 0.567021 0.451714 0.574113 0.460079 0.567021 0.290687 2 0.567021 0.658750 2 0.567021 0.451714 2
0 0.615248 0.425859 0.627305 0.434224 0.615248 0.273880 2 0.615248 0.621259 2 0.615248 0.425859 2
3 0.577660 0.657039 0.573050 0.734606 0.577660 0.399927 2 0.577660 0.987612 2 0.577660 0.657039 2
0 0.674823 0.596963 0.713830 0.639548 0.674823 0.373121 2 0.674823 0.884759 2 0.674823 0.596963 2
0 0.470213 0.727762 0.490426 0.731564 0.470213 0.471715 2 0.470213 1.056966 2 0.470213 0.727762 2
0 0.448582 0.757420 0.472695 0.743732 0.448582 0.497114 2 0.448582 1.092099 2 0.448582 0.757420 2
1 0.413121 0.718637 0.430851 0.714074 0.413121 0.468711 2 0.413121 1.039970 2 0.413121 0.718637 2
1 0.389716 0.730043 0.413830 0.569586 0.389716 0.530688 2 0.389716 0.986357 2 0.389716 0.730043 2
0 0.307447 0.653997 0.338298 0.557419 0.307447 0.458901 2 0.307447 0.904836 2 0.307447 0.653997 2
1 0.226950 0.577951 0.240071 0.603807 0.226950 0.366619 2 0.226950 0.849664 2 0.226950 0.577951 2
1 0.342553 0.630423 0.365957 0.618256 0.342553 0.414033 2 0.342553 0.908638 2 0.342553 0.630423 2
0 0.601418 0.714074 0.613121 0.682134 0.601418 0.475327 2 0.601418 1.021034 2 0.601418 0.714074 2