0 0.880933 0.444922 0.876841 0.364451 0.880933 0.317365 2 0.880933 0.608925 2 0.880933 0.444922 2
0 0.764730 0.446253 0.748773 0.356470 0.764730 0.321488 2 0.764730 0.606664 2 0.764730 0.446253 2
0 0.297054 0.446918 0.294190 0.377087 0.297054 0.314937 2 0.297054 0.616607 2 0.297054 0.446918 2
0 0.351882 0.448248 0.345336 0.379747 0.351882 0.315336 2 0.351882 0.619134 2 0.351882 0.448248 2
0 0.429214 0.572613 0.415303 0.556652 0.429214 0.377785 2 0.429214 0.823107 2 0.429214 0.572613 2
0 0.801146 0.760159 0.781506 0.571283 0.801146 0.560210 2 0.801146 1.017236 2 0.801146 0.760159 2
0 0.912439 0.578599 0.903028 0.537365 0.912439 0.390521 2 0.912439 0.820413 2 0.912439 0.578599 2
0 0.623977 0.559977 0.598200 0.555987 0.623977 0.365382 2 0.623977 0.810171 2 0.623977 0.559977 2
0 0.697218 0.601211 0.685352 0.575938 0.697218 0.399632 2 0.697218 0.860383 2 0.697218 0.601211 2
0 0.662848 0.579929 0.648527 0.546676 0.662848 0.388592 2 0.662848 0.825933 2 0.662848 0.579929 2
0 0.525368 0.576604 0.498773 0.546676 0.525368 0.385267 2 0.525368 0.822608 2 0.525368 0.576604 2
0 0.488953 0.580594 0.468085 0.557317 0.488953 0.385533 2 0.488953 0.831386 2 0.488953 0.580594 2