2 0.749831 0.560263 0.722749 0.545820 0.749831 0.369226 2 0.749831 0.805882 2 0.749831 0.560263 2
2 0.290792 0.548100 0.249831 0.570146 0.290792 0.348549 2 0.290792 0.804666 2 0.290792 0.548100 2
3 0.507109 0.599033 0.489844 0.597513 0.507109 0.389904 2 0.507109 0.867914 2 0.507109 0.599033 2
0 0.436696 0.626400 0.421124 0.598273 0.436696 0.417005 2 0.436696 0.895623 2 0.436696 0.626400 2
3 0.629316 0.605115 0.621530 0.584589 0.629316 0.400508 2 0.629316 0.868180 2 0.629316 0.605115 2
0 0.380501 0.494887 0.384902 0.416586 0.380501 0.349081 2 0.380501 0.682350 2 0.380501 0.494887 2
0 0.389980 0.672012 0.400474 0.621839 0.389980 0.454368 2 0.389980 0.951839 2 0.389980 0.672012 2
0 0.355450 0.634002 0.361205 0.583829 0.355450 0.429662 2 0.355450 0.896725 2 0.355450 0.634002 2
2 0.631009 0.479683 0.646919 0.523014 0.631009 0.296628 2 0.631009 0.715039 2 0.631009 0.479683 2
2 0.331077 0.519973 0.350372 0.478922 0.331077 0.352350 2 0.331077 0.735488 2 0.331077 0.519973 2
3 0.509140 0.605115 0.505078 0.769317 0.509140 0.335854 2 0.509140 0.951307 2 0.509140 0.605115 2