3 0.577646 0.504220 0.590529 0.482934 0.577646 0.335193 2 0.577646 0.721540 2 0.577646 0.504220 2
0 0.598886 0.575396 0.597841 0.514863 0.598886 0.395194 2 0.598886 0.807084 2 0.598886 0.575396 2
0 0.626393 0.496903 0.633357 0.473621 0.626393 0.331135 2 0.626393 0.710032 2 0.626393 0.496903 2
0 0.669220 0.590030 0.673747 0.500229 0.669220 0.414950 2 0.669220 0.815133 2 0.669220 0.590030 2
0 0.708565 0.558101 0.713092 0.490916 0.708565 0.386280 2 0.708565 0.779013 2 0.708565 0.558101 2
3 0.481546 0.774290 0.480850 0.635929 0.481546 0.551715 2 0.481546 1.060458 2 0.481546 0.774290 2
3 0.442897 0.705110 0.440460 0.644577 0.442897 0.479508 2 0.442897 0.995169 2 0.442897 0.705110 2
0 0.444638 0.723070 0.439067 0.645907 0.444638 0.497002 2 0.444638 1.013728 2 0.444638 0.723070 2
0 0.396240 0.659211 0.375348 0.639255 0.396240 0.435472 2 0.396240 0.946876 2 0.396240 0.659211 2
0 0.365947 0.716418 0.373607 0.668524 0.365947 0.482435 2 0.365947 1.017254 2 0.365947 0.716418 2
0 0.501045 0.754999 0.503134 0.639920 0.501045 0.531027 2 0.501045 1.042963 2 0.501045 0.754999 2
0 0.283426 0.503555 0.256964 0.464308 0.283426 0.341047 2 0.283426 0.712493 2 0.283426 0.503555 2
3 0.328343 0.479608 0.322075 0.447678 0.328343 0.322920 2 0.328343 0.681063 2 0.328343 0.479608 2
0 0.358635 0.491581 0.351671 0.458321 0.358635 0.331169 2 0.358635 0.697826 2 0.358635 0.491581 2
0 0.392061 0.522845 0.375696 0.453665 0.392061 0.364063 2 0.392061 0.726995 2 0.392061 0.522845 2