0 0.679612 0.521955 0.662275 0.508657 0.679612 0.343925 2 0.679612 0.750851 2 0.679612 0.521955 2
0 0.626560 0.549881 0.613037 0.541902 0.626560 0.360215 2 0.626560 0.793737 2 0.626560 0.549881 2
0 0.702497 0.351073 0.702497 0.299210 0.702497 0.246349 2 0.702497 0.485717 2 0.702497 0.351073 2
0 0.647365 0.299875 0.635922 0.328466 0.647365 0.184912 2 0.647365 0.447684 2 0.647365 0.299875 2
2 0.230929 0.452804 0.209085 0.452804 0.230929 0.294323 2 0.230929 0.656566 2 0.230929 0.452804 2
0 0.289875 0.500013 0.271498 0.496024 0.289875 0.326405 2 0.289875 0.723224 2 0.289875 0.500013 2
0 0.340499 0.543232 0.329750 0.523285 0.340499 0.360082 2 0.340499 0.778710 2 0.340499 0.543232 2
0 0.368585 0.569829 0.355062 0.547887 0.368585 0.378068 2 0.368585 0.816378 2 0.368585 0.569829 2
0 0.330791 0.367031 0.326283 0.329131 0.330791 0.251835 2 0.330791 0.515140 2 0.330791 0.367031 2
0 0.288141 0.295220 0.279126 0.281257 0.288141 0.196780 2 0.288141 0.421786 2 0.288141 0.295220 2
0 0.257628 0.343759 0.262136 0.299875 0.257628 0.238803 2 0.257628 0.478703 2 0.257628 0.343759 2
3 0.367892 0.338440 0.362344 0.310513 0.367892 0.229760 2 0.367892 0.478171 2 0.367892 0.338440 2
3 0.441748 0.406925 0.442094 0.339105 0.441748 0.288239 2 0.441748 0.559523 2 0.441748 0.406925 2
0 0.380721 0.400276 0.380721 0.354398 0.380721 0.276237 2 0.380721 0.559755 2 0.380721 0.400276 2
0 0.468100 0.412245 0.465326 0.347748 0.468100 0.290533 2 0.468100 0.568732 2 0.468100 0.412245 2
1 0.743759 0.350408 0.728155 0.286577 0.743759 0.250106 2 0.743759 0.479368 2 0.743759 0.350408 2
0 0.729542 0.488045 0.722261 0.478071 0.729542 0.320720 2 0.729542 0.703177 2 0.729542 0.488045 2