1 0.538179 0.443411 0.535940 0.399298 0.538179 0.303656 2 0.538179 0.623094 2 0.538179 0.443411 2
0 0.580332 0.443411 0.579213 0.401579 0.580332 0.302858 2 0.580332 0.624121 2 0.580332 0.443411 2
0 0.608683 0.439608 0.612786 0.391692 0.608683 0.302516 2 0.608683 0.615869 2 0.608683 0.439608 2
0 0.636661 0.467749 0.636661 0.413748 0.636661 0.322937 2 0.636661 0.653935 2 0.636661 0.467749 2
1 0.678814 0.403861 0.675830 0.367354 0.678814 0.275287 2 0.678814 0.569170 2 0.678814 0.403861 2
0 0.716864 0.385607 0.711641 0.335410 0.716864 0.268214 2 0.716864 0.536542 2 0.716864 0.385607 2
1 0.504605 0.445692 0.504605 0.401579 0.504605 0.305139 2 0.504605 0.626403 2 0.504605 0.445692 2
1 0.484088 0.423636 0.481477 0.406903 0.484088 0.281220 2 0.484088 0.606742 2 0.484088 0.423636 2
0 0.431863 0.443411 0.431863 0.409185 0.431863 0.300196 2 0.431863 0.627544 2 0.431863 0.443411 2
1 0.415449 0.436565 0.413584 0.398537 0.415449 0.297077 2 0.415449 0.615907 2 0.415449 0.436565 2
1 0.381876 0.431241 0.381876 0.387129 0.381876 0.295746 2 0.381876 0.605449 2 0.381876 0.431241 2
2 0.327785 0.315635 0.318086 0.299663 0.327785 0.210753 2 0.327785 0.450484 2 0.327785 0.315635 2
1 0.431117 0.566622 0.425521 0.560538 0.431117 0.370434 2 0.431117 0.818864 2 0.431117 0.566622 2
0 0.424029 0.582594 0.402020 0.547608 0.424029 0.390931 2 0.424029 0.829018 2 0.424029 0.582594 2
1 0.390829 0.573468 0.384114 0.547608 0.390829 0.381805 2 0.390829 0.819891 2 0.390829 0.573468 2
0 0.272575 0.606932 0.259892 0.638876 0.272575 0.383326 2 0.272575 0.894427 2 0.272575 0.606932 2
2 0.289362 0.564341 0.272948 0.503495 0.289362 0.388117 2 0.289362 0.790914 2 0.289362 0.564341 2
0 0.575109 0.655609 0.584808 0.740032 0.575109 0.396598 2 0.575109 0.988623 2 0.575109 0.655609 2
0 0.624351 0.591721 0.614652 0.565101 0.624351 0.393936 2 0.624351 0.846017 2 0.624351 0.591721 2
1 0.661654 0.577270 0.656805 0.553693 0.661654 0.383478 2 0.661654 0.826432 2 0.661654 0.577270 2
0 0.712761 0.543805 0.700823 0.523270 0.712761 0.360661 2 0.712761 0.779277 2 0.712761 0.543805 2