2 0.240237 0.393979 0.240237 0.436571 0.240237 0.241179 2 0.240237 0.590436 2 0.240237 0.393979 2
2 0.219665 0.636222 0.209205 0.686801 0.219665 0.395842 2 0.219665 0.945283 2 0.219665 0.636222 2
1 0.273361 0.608937 0.273361 0.635557 0.273361 0.386492 2 0.273361 0.894937 2 0.273361 0.608937 2
0 0.355997 0.514435 0.355997 0.551703 0.355997 0.321339 2 0.355997 0.762702 2 0.355997 0.514435 2
0 0.342050 0.381334 0.325662 0.381334 0.342050 0.247867 2 0.342050 0.552935 2 0.342050 0.381334 2
2 0.802650 0.598289 0.789400 0.608937 0.802650 0.385161 2 0.802650 0.872310 2 0.802650 0.598289 2
2 0.763250 0.343400 0.747908 0.343400 0.763250 0.223210 2 0.763250 0.497931 2 0.763250 0.343400 2
0 0.684100 0.539724 0.681660 0.576993 0.684100 0.337777 2 0.684100 0.799371 2 0.684100 0.539724 2
1 0.701534 0.623578 0.679219 0.623578 0.701534 0.405326 2 0.701534 0.904188 2 0.701534 0.623578 2
0 0.645397 0.606940 0.635635 0.606940 0.645397 0.394511 2 0.645397 0.880063 2 0.645397 0.606940 2
0 0.714435 0.633560 0.725593 0.654191 0.714435 0.404594 2 0.714435 0.927946 2 0.714435 0.633560 2
0 0.533821 0.399968 0.519526 0.416606 0.533821 0.254156 2 0.533821 0.587441 2 0.533821 0.399968 2
0 0.553347 0.542386 0.556834 0.584979 0.553347 0.337644 2 0.553347 0.805627 2 0.553347 0.542386 2
0 0.414575 0.572999 0.428173 0.610268 0.414575 0.359406 2 0.414575 0.847620 2 0.414575 0.572999 2
0 0.451185 0.593630 0.456764 0.606275 0.451185 0.381434 2 0.451185 0.866454 2 0.451185 0.593630 2
0 0.488145 0.622912 0.520921 0.615592 0.488145 0.407455 2 0.488145 0.899929 2 0.488145 0.622912 2
0 0.582985 0.587641 0.599721 0.614261 0.582985 0.372649 2 0.582985 0.864058 2 0.582985 0.587641 2
0 0.615063 0.589637 0.635635 0.610268 0.615063 0.376043 2 0.615063 0.864258 2 0.615063 0.589637 2
0 0.735007 0.560355 0.752441 0.576327 0.735007 0.358640 2 0.735007 0.819702 2 0.735007 0.560355 2
3 0.700837 0.622247 0.678522 0.622247 0.700837 0.404460 2 0.700837 0.902258 2 0.700837 0.622247 2
0 0.595886 0.677484 0.603905 0.801933 0.595886 0.396807 2 0.595886 1.038354 2 0.595886 0.677484 2
1 0.376569 0.628236 0.376220 0.658184 0.376569 0.397872 2 0.376569 0.924419 2 0.376569 0.628236 2
3 0.364017 0.807923 0.373780 0.819902 0.364017 0.520957 2 0.364017 1.176878 2 0.364017 0.807923 2