0 0.243885 0.442582 0.256115 0.473000 0.243885 0.277032 2 0.243885 0.655432 2 0.243885 0.442582 2
0 0.293152 0.437259 0.287911 0.485928 0.293152 0.267184 2 0.293152 0.655926 2 0.293152 0.437259 2
0 0.322152 0.302659 0.324249 0.404559 0.322152 0.161063 2 0.322152 0.484711 2 0.322152 0.302659 2
0 0.612858 0.500376 0.614605 0.524711 0.612858 0.316727 2 0.612858 0.736496 2 0.612858 0.500376 2
0 0.639762 0.507981 0.640112 0.527752 0.639762 0.323267 2 0.639762 0.745469 2 0.639762 0.507981 2
0 0.683089 0.429654 0.682390 0.468437 0.683089 0.265701 2 0.683089 0.640451 2 0.683089 0.429654 2
0 0.606569 0.587067 0.607966 0.603037 0.606569 0.376005 2 0.606569 0.858434 2 0.606569 0.587067 2
0 0.666667 0.552847 0.662823 0.555889 0.666667 0.358286 2 0.666667 0.802997 2 0.666667 0.552847 2
1 0.717331 0.591630 0.715584 0.596193 0.717331 0.382963 2 0.717331 0.859917 2 0.717331 0.591630 2
0 0.348358 0.557410 0.345563 0.561212 0.348358 0.360986 2 0.348358 0.809955 2 0.348358 0.557410 2
0 0.300140 0.546764 0.296296 0.563493 0.300140 0.349541 2 0.300140 0.800336 2 0.300140 0.546764 2
0 0.254018 0.501137 0.247729 0.505699 0.254018 0.324142 2 0.254018 0.728701 2 0.254018 0.501137 2