1 0.628161 0.731850 0.646958 0.772889 0.628161 0.461339 2 0.628161 1.079650 2 0.628161 0.731850 2
2 0.686945 0.345786 0.713602 0.288028 0.686945 0.244976 2 0.686945 0.475399 2 0.686945 0.345786 2
2 0.712919 0.504620 0.698223 0.532738 0.712919 0.318161 2 0.712919 0.744352 2 0.712919 0.504620 2
2 0.233424 0.633054 0.246753 0.683972 0.233424 0.393664 2 0.233424 0.940842 2 0.233424 0.633054 2
2 0.272727 0.212791 0.276828 0.270549 0.272727 0.118099 2 0.272727 0.334538 2 0.272727 0.212791 2
0 0.439508 0.445342 0.436090 0.516779 0.439508 0.264469 2 0.439508 0.677893 2 0.439508 0.445342 2
0 0.460697 0.494740 0.461039 0.558577 0.460697 0.299238 2 0.460697 0.746100 2 0.460697 0.494740 2
0 0.494532 0.459781 0.494532 0.548698 0.494532 0.267737 2 0.494532 0.706695 2 0.494532 0.459781 2
0 0.520164 0.452182 0.520506 0.522099 0.520164 0.269447 2 0.520164 0.687126 2 0.520164 0.452182 2
0 0.333219 0.755409 0.355092 0.784288 0.333219 0.480909 2 0.333219 1.108339 2 0.333219 0.755409 2
0 0.334586 0.508419 0.347232 0.520579 0.334586 0.326217 2 0.334586 0.742680 2 0.334586 0.508419 2