0 0.112930 0.469530 0.131751 0.527389 0.112930 0.284943 2 0.112930 0.706855 2 0.112930 0.469530 2
0 0.232815 0.506108 0.246727 0.522734 0.232815 0.323151 2 0.232815 0.741338 2 0.232815 0.506108 2
0 0.694763 0.487486 0.701309 0.520074 0.694763 0.305460 2 0.694763 0.721519 2 0.694763 0.487486 2
0 0.633797 0.498792 0.641980 0.523399 0.633797 0.315602 2 0.633797 0.734322 2 0.633797 0.498792 2
0 0.574059 0.632468 0.589607 0.776120 0.574059 0.360826 2 0.574059 0.981722 2 0.574059 0.632468 2
0 0.219722 0.776785 0.259820 0.768140 0.219722 0.507937 2 0.219722 1.122448 2 0.219722 0.776785 2
0 0.083879 0.679022 0.101064 0.695649 0.083879 0.435545 2 0.083879 0.992064 2 0.083879 0.679022 2
0 0.376023 0.614512 0.376023 0.671041 0.376023 0.379647 2 0.376023 0.916480 2 0.376023 0.614512 2
0 0.304419 0.659736 0.309738 0.742202 0.304419 0.399965 2 0.304419 0.993727 2 0.304419 0.659736 2
0 0.338380 0.643109 0.337971 0.708285 0.338380 0.395210 2 0.338380 0.961837 2 0.338380 0.643109 2
0 0.472177 0.627148 0.472995 0.700969 0.472177 0.381809 2 0.472177 0.942584 2 0.472177 0.627148 2
0 0.507774 0.585914 0.507774 0.612517 0.507774 0.371534 2 0.507774 0.861547 2 0.507774 0.585914 2