2 0.301375 0.516055 0.291753 0.491734 0.301375 0.343948 2 0.301375 0.737335 2 0.301375 0.516055 2
2 0.695533 0.385331 0.670103 0.348090 0.695533 0.263500 2 0.695533 0.541971 2 0.695533 0.385331 2
0 0.680069 0.456013 0.635052 0.386851 0.680069 0.320615 2 0.680069 0.630096 2 0.680069 0.456013 2
0 0.625430 0.461333 0.603436 0.388371 0.625430 0.325403 2 0.625430 0.636100 2 0.625430 0.461333 2
2 0.323024 0.368611 0.341237 0.302489 0.323024 0.262739 2 0.323024 0.504730 2 0.323024 0.368611 2
2 0.749485 0.527455 0.741581 0.496294 0.749485 0.353752 2 0.749485 0.750787 2 0.749485 0.527455 2
1 0.691409 0.537335 0.682474 0.510735 0.691409 0.358578 2 0.691409 0.767166 2 0.691409 0.537335 2
0 0.345361 0.555576 0.327148 0.535815 0.345361 0.368040 2 0.345361 0.796693 2 0.345361 0.555576 2
0 0.370103 0.468933 0.372165 0.373171 0.370103 0.338324 2 0.370103 0.636860 2 0.370103 0.468933 2
0 0.384536 0.582937 0.373196 0.579897 0.384536 0.379973 2 0.384536 0.843890 2 0.384536 0.582937 2
0 0.578694 0.592057 0.565979 0.579897 0.578694 0.389093 2 0.578694 0.853010 2 0.578694 0.592057 2
0 0.658419 0.629298 0.652577 0.566216 0.658419 0.431122 2 0.658419 0.884095 2 0.658419 0.629298 2