0 0.374098 0.350406 0.350649 0.349646 0.374098 0.228030 2 0.374098 0.507746 2 0.374098 0.350406 2
0 0.347763 0.507746 0.335859 0.358007 0.347763 0.382444 2 0.347763 0.668850 2 0.347763 0.507746 2
2 0.281746 0.332163 0.245310 0.316201 0.281746 0.221493 2 0.281746 0.474454 2 0.281746 0.332163 2
0 0.642136 0.335964 0.624098 0.339004 0.642136 0.217312 2 0.642136 0.488516 2 0.642136 0.335964 2
0 0.675685 0.333684 0.647908 0.331403 0.675685 0.217693 2 0.675685 0.482815 2 0.675685 0.333684 2
2 0.766234 0.337484 0.747475 0.313921 0.766234 0.227612 2 0.766234 0.478749 2 0.766234 0.337484 2
0 0.395743 0.603519 0.380952 0.590597 0.395743 0.396810 2 0.395743 0.869288 2 0.395743 0.603519 2
0 0.307720 0.593638 0.302309 0.581476 0.307720 0.390121 2 0.307720 0.855302 2 0.307720 0.593638 2
0 0.268759 0.574635 0.260823 0.576916 0.268759 0.372715 2 0.268759 0.834247 2 0.268759 0.574635 2
1 0.646825 0.589077 0.641775 0.593638 0.646825 0.381304 2 0.646825 0.856214 2 0.646825 0.589077 2
0 0.695887 0.582996 0.684704 0.580716 0.695887 0.379746 2 0.695887 0.844319 2 0.695887 0.582996 2
0 0.749278 0.592878 0.739899 0.585277 0.749278 0.388031 2 0.749278 0.856252 2 0.749278 0.592878 2
2 0.789322 0.605039 0.784632 0.571595 0.789322 0.404981 2 0.789322 0.862257 2 0.789322 0.605039 2
2 0.263709 0.561714 0.244228 0.561714 0.263709 0.365114 2 0.263709 0.814485 2 0.263709 0.561714 2
0 0.667388 0.604279 0.659091 0.583756 0.667388 0.399964 2 0.667388 0.866970 2 0.667388 0.604279 2