3 0.593315 0.404440 0.605501 0.343907 0.593315 0.284073 2 0.593315 0.559198 2 0.593315 0.404440 2
2 0.758357 0.540141 0.742688 0.508876 0.758357 0.362034 2 0.758357 0.769135 2 0.758357 0.540141 2
1 0.689763 0.607325 0.684889 0.552114 0.689763 0.414086 2 0.689763 0.855777 2 0.689763 0.607325 2
1 0.376741 0.754334 0.411212 0.580052 0.376741 0.551316 2 0.376741 1.015358 2 0.376741 0.754334 2
0 0.385097 0.548788 0.371866 0.542801 0.385097 0.358808 2 0.385097 0.793049 2 0.385097 0.548788 2
2 0.306407 0.557436 0.281337 0.516859 0.306407 0.376535 2 0.306407 0.790022 2 0.306407 0.557436 2
0 0.291435 0.367189 0.293524 0.409762 0.291435 0.223773 2 0.291435 0.551582 2 0.291435 0.367189 2
0 0.556755 0.387145 0.559192 0.325282 0.556755 0.273296 2 0.556755 0.533522 2 0.556755 0.387145 2
0 0.371518 0.438365 0.359331 0.353885 0.371518 0.314505 2 0.371518 0.597614 2 0.371518 0.438365 2
0 0.670961 0.425727 0.674095 0.367189 0.670961 0.297210 2 0.670961 0.590962 2 0.670961 0.425727 2
0 0.628134 0.443687 0.638579 0.354550 0.628134 0.319594 2 0.628134 0.603235 2 0.628134 0.443687 2