0 0.618036 0.705110 0.606546 0.633933 0.618036 0.483233 2 0.618036 0.990380 2 0.618036 0.705110 2
0 0.575209 0.550118 0.572772 0.486925 0.575209 0.379695 2 0.575209 0.769235 2 0.575209 0.550118 2
0 0.391017 0.805554 0.413649 0.683158 0.391017 0.566449 2 0.391017 1.112976 2 0.391017 0.805554 2
0 0.378482 0.707770 0.392758 0.659211 0.378482 0.477047 2 0.378482 1.004415 2 0.378482 0.707770 2
0 0.395891 0.590696 0.391017 0.556770 0.395891 0.395826 2 0.395891 0.841242 2 0.395891 0.590696 2
0 0.354457 0.556770 0.356198 0.514198 0.354457 0.376801 2 0.354457 0.788159 2 0.354457 0.556770 2
0 0.612117 0.556770 0.607591 0.518854 0.612117 0.375171 2 0.612117 0.790255 2 0.612117 0.556770 2
2 0.326602 0.494907 0.344708 0.439696 0.326602 0.341014 2 0.326602 0.692770 2 0.326602 0.494907 2
2 0.288997 0.653224 0.296309 0.604665 0.288997 0.441591 2 0.288997 0.925323 2 0.288997 0.653224 2
2 0.614206 0.433044 0.622214 0.479608 0.614206 0.265181 2 0.614206 0.648867 2 0.614206 0.433044 2
2 0.717618 0.633933 0.703343 0.566083 0.717618 0.435804 2 0.717618 0.888671 2 0.717618 0.633933 2