0 0.318245 0.556105 0.299443 0.542801 0.318245 0.366125 2 0.318245 0.800366 2 0.318245 0.556105 2
0 0.608635 0.458986 0.612465 0.517524 0.608635 0.277853 2 0.608635 0.691872 2 0.608635 0.458986 2
0 0.735376 0.319960 0.717967 0.327277 0.735376 0.205413 2 0.735376 0.467235 2 0.735376 0.319960 2
3 0.364554 0.688480 0.361421 0.734378 0.364554 0.431447 2 0.364554 1.018950 2 0.364554 0.688480 2
1 0.618733 0.779612 0.640320 0.763647 0.618733 0.512335 2 0.618733 1.123253 2 0.618733 0.779612 2
1 0.646240 0.444352 0.644847 0.486260 0.646240 0.274161 2 0.646240 0.663169 2 0.646240 0.444352 2
1 0.340877 0.504220 0.342270 0.540141 0.340877 0.315171 2 0.340877 0.747283 2 0.340877 0.504220 2
1 0.383705 0.537480 0.397981 0.550784 0.383705 0.344705 2 0.383705 0.785332 2 0.383705 0.537480 2
1 0.473189 0.533489 0.506616 0.540806 0.473189 0.344207 2 0.473189 0.776851 2 0.473189 0.533489 2
1 0.444638 0.413753 0.445334 0.492246 0.444638 0.241467 2 0.444638 0.635264 2 0.444638 0.413753 2
1 0.577298 0.489585 0.580084 0.533489 0.577298 0.302865 2 0.577298 0.729655 2 0.577298 0.489585 2