2 0.732939 0.418409 0.706825 0.368520 0.732939 0.289428 2 0.732939 0.584243 2 0.732939 0.418409 2
2 0.747563 0.623290 0.742688 0.564753 0.747563 0.425627 2 0.747563 0.877429 2 0.747563 0.623290 2
2 0.251393 0.573400 0.222841 0.559431 0.251393 0.377599 2 0.251393 0.825144 2 0.251393 0.573400 2
2 0.270195 0.456326 0.282382 0.397123 0.270195 0.317333 2 0.270195 0.635031 2 0.270195 0.456326 2
0 0.339833 0.497568 0.340877 0.424396 0.339833 0.349029 2 0.339833 0.688546 2 0.339833 0.497568 2
0 0.295961 0.476947 0.299791 0.395127 0.295961 0.338652 2 0.295961 0.654754 2 0.295961 0.476947 2
0 0.370822 0.505550 0.362465 0.414418 0.370822 0.360504 2 0.370822 0.692038 2 0.370822 0.505550 2
0 0.363858 0.605330 0.341226 0.605330 0.363858 0.393464 2 0.363858 0.877728 2 0.363858 0.605330 2
0 0.696031 0.482934 0.684540 0.431713 0.696031 0.331834 2 0.696031 0.677205 2 0.696031 0.482934 2
0 0.610376 0.526837 0.607591 0.446348 0.610376 0.370615 2 0.610376 0.727693 2 0.610376 0.526837 2
0 0.639624 0.614643 0.631267 0.593356 0.639624 0.406968 2 0.639624 0.881653 2 0.639624 0.614643 2