0 0.410681 0.519305 0.402407 0.387008 0.410681 0.383853 2 0.410681 0.693459 2 0.410681 0.519305 2
0 0.378338 0.545917 0.379466 0.372562 0.378338 0.415520 2 0.378338 0.713570 2 0.378338 0.545917 2
1 0.345995 0.517785 0.345243 0.367239 0.345995 0.389251 2 0.345995 0.683043 2 0.345995 0.517785 2
0 0.317413 0.414380 0.321549 0.361917 0.317413 0.287709 2 0.317413 0.577243 2 0.317413 0.414380 2
1 0.693494 0.488892 0.690109 0.402215 0.693494 0.348117 2 0.693494 0.669889 2 0.693494 0.488892 2
0 0.428357 0.667570 0.415570 0.636396 0.428357 0.444831 2 0.428357 0.953948 2 0.428357 0.667570 2
0 0.680707 0.620429 0.672433 0.621950 0.680707 0.402747 2 0.680707 0.900307 2 0.680707 0.620429 2
2 0.795036 0.589256 0.773599 0.576330 0.795036 0.387540 2 0.795036 0.848604 2 0.795036 0.589256 2
2 0.780745 0.399173 0.752915 0.295768 0.780745 0.295654 2 0.780745 0.532269 2 0.780745 0.399173 2
2 0.286574 0.396132 0.304250 0.319339 0.286574 0.284363 2 0.286574 0.539834 2 0.286574 0.396132 2
2 0.269650 0.631834 0.256863 0.554281 0.269650 0.437836 2 0.269650 0.881261 2 0.269650 0.631834 2