1 0.281646 0.657759 0.319269 0.698060 0.281646 0.413437 2 0.281646 0.971886 2 0.281646 0.657759 2
0 0.696906 0.667644 0.713080 0.689696 0.696906 0.426250 2 0.696906 0.978007 2 0.696906 0.667644 2
0 0.588256 0.701863 0.593530 0.729237 0.588256 0.446629 2 0.588256 1.030019 2 0.588256 0.701863 2
0 0.610759 0.599967 0.613572 0.681331 0.610759 0.361501 2 0.610759 0.906566 2 0.610759 0.599967 2
1 0.637131 0.587800 0.644515 0.699581 0.637131 0.342947 2 0.637131 0.902612 2 0.637131 0.587800 2
0 0.622714 0.488186 0.635373 0.500353 0.622714 0.313063 2 0.622714 0.713345 2 0.622714 0.488186 2
0 0.594937 0.463853 0.595992 0.495790 0.594937 0.290326 2 0.594937 0.686958 2 0.594937 0.463853 2
0 0.571730 0.482863 0.577004 0.504155 0.571730 0.306409 2 0.571730 0.709733 2 0.571730 0.482863 2
0 0.292897 0.534571 0.310830 0.553582 0.292897 0.340818 2 0.292897 0.783683 2 0.292897 0.534571 2
3 0.376582 0.474499 0.379395 0.511759 0.376582 0.295383 2 0.376582 0.704790 2 0.376582 0.474499 2
1 0.376582 0.474499 0.379395 0.511759 0.376582 0.295383 2 0.376582 0.704790 2 0.376582 0.474499 2
3 0.543601 0.489707 0.561533 0.501874 0.543601 0.314051 2 0.543601 0.715550 2 0.543601 0.489707 2
0 0.337201 0.504155 0.341069 0.514801 0.337201 0.323975 2 0.337201 0.735815 2 0.337201 0.504155 2
0 0.266878 0.551301 0.279887 0.552821 0.266878 0.357813 2 0.266878 0.800070 2 0.266878 0.551301 2
0 0.342827 0.530009 0.347750 0.560425 0.342827 0.333860 2 0.342827 0.782200 2 0.342827 0.530009 2