1 0.773677 0.659876 0.741643 0.569409 0.773677 0.460583 2 0.773677 0.916110 2 0.773677 0.659876 2
0 0.689763 0.575396 0.677925 0.562757 0.689763 0.378431 2 0.689763 0.828637 2 0.689763 0.575396 2
1 0.708217 0.479608 0.716574 0.422401 0.708217 0.331767 2 0.708217 0.669688 2 0.708217 0.479608 2
0 0.665738 0.500229 0.676880 0.403775 0.665738 0.358907 2 0.665738 0.681927 2 0.665738 0.500229 2
0 0.610028 0.628612 0.603412 0.560096 0.610028 0.432578 2 0.610028 0.880655 2 0.610028 0.628612 2
0 0.576950 0.558101 0.564763 0.540806 0.576950 0.368819 2 0.576950 0.801463 2 0.576950 0.558101 2
0 0.282730 0.504220 0.273677 0.439030 0.282730 0.350559 2 0.282730 0.701784 2 0.282730 0.504220 2
0 0.326950 0.482268 0.313022 0.399119 0.326950 0.342577 2 0.326950 0.661872 2 0.326950 0.482268 2
0 0.355153 0.413088 0.337396 0.374506 0.355153 0.282011 2 0.355153 0.581616 2 0.355153 0.413088 2
0 0.411212 0.553444 0.395891 0.544132 0.411212 0.362998 2 0.411212 0.798304 2 0.411212 0.553444 2
0 0.623259 0.421070 0.634401 0.373176 0.623259 0.290459 2 0.623259 0.588999 2 0.623259 0.421070 2
0 0.597145 0.424396 0.606546 0.364528 0.597145 0.296811 2 0.597145 0.588434 2 0.597145 0.424396 2