2 0.758008 0.588035 0.767061 0.638590 0.758008 0.364528 2 0.758008 0.875400 2 0.758008 0.588035 2
0 0.704735 0.638590 0.723538 0.687814 0.704735 0.397855 2 0.704735 0.948106 2 0.704735 0.638590 2
0 0.651462 0.647903 0.667479 0.691806 0.651462 0.405771 2 0.651462 0.959215 2 0.651462 0.647903 2
0 0.327298 0.662537 0.301184 0.788924 0.327298 0.386413 2 0.327298 1.017553 2 0.327298 0.662537 2
0 0.246518 0.779612 0.261838 0.786929 0.246518 0.504187 2 0.246518 1.133730 2 0.246518 0.779612 2
3 0.198816 0.537480 0.183148 0.586704 0.198816 0.332133 2 0.198816 0.801497 2 0.198816 0.537480 2
0 0.287256 0.565418 0.318593 0.598678 0.287256 0.355881 2 0.287256 0.834823 2 0.287256 0.565418 2
0 0.526811 0.615308 0.525418 0.417744 0.526811 0.469097 2 0.526811 0.803293 2 0.526811 0.615308 2
0 0.566852 0.611982 0.567549 0.550784 0.566852 0.419208 2 0.566852 0.859835 2 0.566852 0.611982 2
0 0.672006 0.586704 0.690808 0.607991 0.672006 0.373908 2 0.672006 0.860300 2 0.672006 0.586704 2
0 0.723538 0.550118 0.732242 0.580052 0.723538 0.347100 2 0.723538 0.811142 2 0.723538 0.550118 2
0 0.768454 0.558766 0.789345 0.560096 0.768454 0.362732 2 0.768454 0.810809 2 0.768454 0.558766 2