0 0.314147 0.554536 0.308252 0.583127 0.314147 0.350441 2 0.314147 0.816943 2 0.314147 0.554536 2
0 0.364771 0.566504 0.357490 0.612383 0.364771 0.352170 2 0.364771 0.842076 2 0.364771 0.566504 2
0 0.290222 0.401606 0.280166 0.444160 0.290222 0.246150 2 0.290222 0.601478 2 0.290222 0.401606 2
0 0.345354 0.285247 0.329057 0.285247 0.345354 0.185410 2 0.345354 0.413608 2 0.345354 0.285247 2
2 0.762829 0.456794 0.755201 0.472087 0.762829 0.291563 2 0.762829 0.669233 2 0.762829 0.456794 2
0 0.705270 0.523285 0.714979 0.554536 0.705270 0.329197 2 0.705270 0.772826 2 0.705270 0.523285 2
0 0.656033 0.546557 0.659847 0.573153 0.656033 0.345953 2 0.656033 0.804476 2 0.656033 0.546557 2
0 0.632108 0.583127 0.635576 0.605734 0.632108 0.371120 2 0.632108 0.855707 2 0.632108 0.583127 2
0 0.669903 0.415569 0.671290 0.470757 0.669903 0.250804 2 0.669903 0.627410 2 0.669903 0.415569 2
0 0.703883 0.327801 0.705270 0.365036 0.703883 0.200038 2 0.703883 0.492067 2 0.703883 0.327801 2
0 0.748613 0.380994 0.755895 0.414904 0.748613 0.235777 2 0.748613 0.567701 2 0.748613 0.380994 2
3 0.635229 0.373680 0.640430 0.414904 0.635229 0.228463 2 0.635229 0.560387 2 0.635229 0.373680 2
3 0.561026 0.459453 0.564494 0.515306 0.561026 0.279096 2 0.561026 0.691341 2 0.561026 0.459453 2
0 0.622399 0.440171 0.625520 0.502673 0.622399 0.264236 2 0.622399 0.666374 2 0.622399 0.440171 2
0 0.529473 0.472087 0.526006 0.527939 0.529473 0.287308 2 0.529473 0.709659 2 0.529473 0.472087 2
1 0.240638 0.383654 0.236824 0.415569 0.240638 0.238204 2 0.240638 0.570660 2 0.240638 0.383654 2
0 0.255895 0.517301 0.242718 0.527274 0.255895 0.332755 2 0.255895 0.754574 2 0.255895 0.517301 2