0 0.454672 0.513770 0.454672 0.559689 0.454672 0.317878 2 0.454672 0.765630 2 0.454672 0.513770 2
0 0.503487 0.567010 0.523710 0.561020 0.503487 0.370653 2 0.503487 0.819469 2 0.503487 0.567010 2
0 0.561715 0.553700 0.561715 0.526414 0.561715 0.369455 2 0.561715 0.790586 2 0.561715 0.553700 2
0 0.556137 0.557693 0.566946 0.565013 0.556137 0.359938 2 0.556137 0.811949 2 0.556137 0.557693 2
1 0.588912 0.518428 0.606695 0.507780 0.588912 0.340705 2 0.588912 0.746929 2 0.588912 0.518428 2
0 0.602510 0.482491 0.602510 0.507780 0.602510 0.304768 2 0.602510 0.710992 2 0.602510 0.482491 2
0 0.666318 0.473839 0.671897 0.502456 0.666318 0.297980 2 0.666318 0.699944 2 0.666318 0.473839 2
1 0.314156 0.721407 0.312762 0.746031 0.314156 0.460296 2 0.314156 1.057121 2 0.314156 0.721407 2
0 0.377266 0.592965 0.381799 0.631564 0.377266 0.371917 2 0.377266 0.877168 2 0.377266 0.592965 2
0 0.727685 0.529742 0.723501 0.559024 0.727685 0.334083 2 0.727685 0.781302 2 0.727685 0.529742 2
1 0.724198 0.472508 0.732566 0.497797 0.724198 0.298279 2 0.724198 0.696517 2 0.724198 0.472508 2
0 0.635983 0.670163 0.641213 0.724069 0.635983 0.416739 2 0.635983 0.995994 2 0.635983 0.670163 2
0 0.594840 0.588306 0.601813 0.638219 0.594840 0.364929 2 0.594840 0.875505 2 0.594840 0.588306 2