1 0.261576 0.536644 0.269178 0.567049 0.261576 0.338177 2 0.261576 0.791816 2 0.261576 0.536644 2
1 0.731168 0.575410 0.712163 0.576170 0.731168 0.373751 2 0.731168 0.834687 2 0.731168 0.575410 2
1 0.632688 0.332932 0.624395 0.325331 0.632688 0.219066 2 0.632688 0.479331 2 0.632688 0.332932 2
0 0.545612 0.337493 0.536973 0.330652 0.545612 0.221765 2 0.545612 0.486286 2 0.545612 0.337493 2
1 0.308224 0.513081 0.301313 0.548046 0.308224 0.321264 2 0.308224 0.759701 2 0.308224 0.513081 2
1 0.346579 0.558688 0.360401 0.561728 0.346579 0.362083 2 0.346579 0.811465 2 0.346579 0.558688 2
1 0.585349 0.499398 0.601244 0.498638 0.585349 0.324875 2 0.585349 0.723786 2 0.585349 0.499398 2
1 0.676918 0.555647 0.681410 0.582251 0.676918 0.351859 2 0.676918 0.817660 2 0.676918 0.555647 2
1 0.712163 0.513081 0.715964 0.567049 0.712163 0.314613 2 0.712163 0.768253 2 0.712163 0.513081 2
0 0.368003 0.594413 0.370422 0.637740 0.368003 0.371204 2 0.368003 0.881396 2 0.368003 0.594413 2
0 0.260539 0.776082 0.271942 0.795085 0.260539 0.497802 2 0.260539 1.133870 2 0.260539 0.776082 2