3 0.412953 0.482268 0.421309 0.494907 0.412953 0.309051 2 0.412953 0.704977 2 0.412953 0.482268 2
2 0.251393 0.677836 0.268454 0.687814 0.251393 0.437101 2 0.251393 0.987353 2 0.251393 0.677836 2
1 0.304318 0.655220 0.320682 0.689810 0.304318 0.413786 2 0.304318 0.965634 2 0.304318 0.655220 2
1 0.637187 0.741695 0.630919 0.673845 0.637187 0.505850 2 0.637187 1.044926 2 0.637187 0.741695 2
0 0.617340 0.582048 0.624652 0.631938 0.617340 0.360870 2 0.617340 0.866420 2 0.617340 0.582048 2
2 0.679318 0.601339 0.690111 0.628612 0.679318 0.381325 2 0.679318 0.884214 2 0.679318 0.601339 2
0 0.690111 0.331268 0.673398 0.327942 0.690111 0.216489 2 0.690111 0.478843 2 0.690111 0.331268 2
0 0.432799 0.524176 0.442549 0.554775 0.432799 0.330005 2 0.432799 0.773824 2 0.432799 0.524176 2
0 0.615947 0.488255 0.617340 0.530828 0.615947 0.302465 2 0.615947 0.727128 2 0.615947 0.488255 2
0 0.322423 0.496903 0.327298 0.524176 0.322423 0.313441 2 0.322423 0.732782 2 0.322423 0.496903 2
0 0.370125 0.500229 0.377786 0.532158 0.370125 0.313973 2 0.370125 0.739700 2 0.370125 0.500229 2