0 0.281117 0.352595 0.281117 0.389830 0.281117 0.216154 2 0.281117 0.528018 2 0.281117 0.352595 2
0 0.439533 0.221891 0.425389 0.219612 0.439533 0.145027 2 0.439533 0.320717 2 0.439533 0.221891 2
1 0.447313 0.381471 0.440948 0.400468 0.447313 0.241307 2 0.447313 0.561682 2 0.447313 0.381471 2
0 0.466407 0.372352 0.466407 0.438464 0.466407 0.218890 2 0.466407 0.569661 2 0.466407 0.372352 2
0 0.549151 0.376911 0.551627 0.424025 0.549151 0.228503 2 0.549151 0.567723 2 0.549151 0.376911 2
0 0.589109 0.356394 0.582744 0.374632 0.589109 0.225273 2 0.589109 0.524978 2 0.589109 0.356394 2
0 0.612447 0.351075 0.611033 0.409587 0.612447 0.207719 2 0.612447 0.535389 2 0.612447 0.351075 2
0 0.641089 0.376911 0.641089 0.399709 0.641089 0.237013 2 0.641089 0.556780 2 0.641089 0.376911 2
0 0.556577 0.501535 0.560113 0.604882 0.556577 0.289827 2 0.556577 0.773732 2 0.556577 0.501535 2
0 0.368458 0.368553 0.361033 0.414147 0.368458 0.223601 2 0.368458 0.554919 2 0.368458 0.368553 2
0 0.324965 0.420226 0.336634 0.444543 0.324965 0.264636 2 0.324965 0.620270 2 0.324965 0.420226 2