1 0.755152 0.570138 0.730003 0.520726 0.755152 0.387884 2 0.755152 0.804465 2 0.755152 0.570138 2
1 0.690185 0.519206 0.672721 0.510084 0.690185 0.340677 2 0.690185 0.748744 2 0.690185 0.519206 2
1 0.406217 0.662121 0.399581 0.592184 0.406217 0.454856 2 0.406217 0.928603 2 0.406217 0.662121 2
0 0.308418 0.535930 0.300035 0.515405 0.308418 0.355538 2 0.308418 0.767862 2 0.308418 0.535930 2
0 0.352428 0.554174 0.351030 0.545812 0.352428 0.363140 2 0.352428 0.799790 2 0.352428 0.554174 2
0 0.382117 0.569378 0.371638 0.555695 0.382117 0.374885 2 0.382117 0.819441 2 0.382117 0.569378 2
0 0.612644 0.530609 0.601467 0.513885 0.612644 0.350749 2 0.612644 0.761857 2 0.612644 0.530609 2
0 0.464897 0.318517 0.454069 0.297232 0.464897 0.214486 2 0.464897 0.452272 2 0.464897 0.318517 2
0 0.728257 0.362608 0.739783 0.304834 0.728257 0.255916 2 0.728257 0.499783 2 0.728257 0.362608 2
0 0.352777 0.385414 0.350681 0.326879 0.352777 0.271006 2 0.352777 0.532509 2 0.352777 0.385414 2
1 0.383165 0.392255 0.372337 0.312436 0.383165 0.282903 2 0.383165 0.532851 2 0.383165 0.392255 2
1 0.330073 0.385414 0.318198 0.320798 0.330073 0.273134 2 0.330073 0.529773 2 0.330073 0.385414 2
1 0.298987 0.408219 0.293748 0.366409 0.298987 0.279976 2 0.298987 0.573103 2 0.298987 0.408219 2
1 0.773315 0.374011 0.743975 0.296472 0.773315 0.270246 2 0.773315 0.507423 2 0.773315 0.374011 2
1 0.645826 0.328400 0.636046 0.430264 0.645826 0.177807 2 0.645826 0.522019 2 0.645826 0.328400 2