2 0.744770 0.352052 0.730474 0.321439 0.744770 0.239548 2 0.744770 0.496699 2 0.744770 0.352052 2
2 0.769177 0.608271 0.751046 0.602282 0.769177 0.397473 2 0.769177 0.879298 2 0.769177 0.608271 2
1 0.719665 0.572999 0.706416 0.572334 0.719665 0.372683 2 0.719665 0.830550 2 0.719665 0.572999 2
0 0.639819 0.479163 0.639819 0.413944 0.639819 0.334283 2 0.639819 0.665438 2 0.639819 0.479163 2
0 0.645746 0.395310 0.642259 0.461195 0.645746 0.233892 2 0.645746 0.602847 2 0.645746 0.395310 2
2 0.182008 0.597623 0.163877 0.616923 0.182008 0.381700 2 0.182008 0.875238 2 0.182008 0.597623 2
2 0.221060 0.341404 0.197001 0.383996 0.221060 0.207005 2 0.221060 0.514202 2 0.221060 0.341404 2
0 0.312762 0.501125 0.313459 0.419268 0.312762 0.354381 2 0.312762 0.689796 2 0.312762 0.501125 2
1 0.284170 0.626240 0.273710 0.656853 0.284170 0.396341 2 0.284170 0.921824 2 0.284170 0.626240 2
0 0.342748 0.615592 0.326360 0.646871 0.342748 0.389187 2 0.342748 0.906684 2 0.342748 0.615592 2
0 0.285565 0.603613 0.273710 0.598289 0.285565 0.394212 2 0.285565 0.872843 2 0.285565 0.603613 2
0 0.451534 0.405292 0.447001 0.501125 0.451534 0.229899 2 0.451534 0.630799 2 0.451534 0.405292 2
0 0.447001 0.463191 0.447001 0.393313 0.447001 0.325532 2 0.447001 0.640182 2 0.447001 0.463191 2
0 0.582636 0.518428 0.585077 0.401965 0.582636 0.377740 2 0.582636 0.699312 2 0.582636 0.518428 2
0 0.547768 0.549041 0.552650 0.409285 0.547768 0.405791 2 0.547768 0.733220 2 0.547768 0.549041 2
0 0.517085 0.612264 0.523710 0.426588 0.517085 0.462958 2 0.517085 0.804229 2 0.517085 0.612264 2
0 0.416318 0.536397 0.406206 0.389986 0.416318 0.399902 2 0.416318 0.711890 2 0.416318 0.536397 2
0 0.392957 0.560355 0.369596 0.408620 0.392957 0.417338 2 0.392957 0.744234 2 0.392957 0.560355 2
0 0.273013 0.496466 0.272315 0.401299 0.273013 0.356012 2 0.273013 0.677051 2 0.273013 0.496466 2
3 0.284868 0.624909 0.274407 0.655522 0.284868 0.395476 2 0.284868 0.919894 2 0.284868 0.624909 2
0 0.404463 0.640881 0.387727 0.618254 0.404463 0.424492 2 0.404463 0.919095 2 0.404463 0.640881 2
1 0.617852 0.610933 0.600070 0.606940 0.617852 0.398504 2 0.617852 0.884056 2 0.617852 0.610933 2
3 0.623780 0.626240 0.613319 0.608937 0.623780 0.413112 2 0.623780 0.900261 2 0.623780 0.626240 2