0 0.301527 0.339728 0.299792 0.427131 0.301527 0.190233 2 0.301527 0.531937 2 0.301527 0.339728 2
0 0.259195 0.465132 0.247745 0.496292 0.259195 0.291429 2 0.259195 0.688463 2 0.259195 0.465132 2
1 0.215822 0.412690 0.214781 0.446891 0.215822 0.256278 2 0.215822 0.613791 2 0.215822 0.412690 2
0 0.647814 0.544934 0.647467 0.557854 0.647814 0.349685 2 0.647814 0.795968 2 0.647814 0.544934 2
0 0.696391 0.504653 0.697779 0.531253 0.696391 0.318714 2 0.696391 0.743716 2 0.696391 0.504653 2
1 0.703678 0.348089 0.740111 0.493252 0.703678 0.175450 2 0.703678 0.570052 2 0.703678 0.348089 2
0 0.570437 0.640696 0.570437 0.733418 0.570437 0.384000 2 0.570437 0.970734 2 0.570437 0.640696 2
0 0.601319 0.617895 0.602012 0.638416 0.601319 0.394450 2 0.601319 0.905182 2 0.601319 0.617895 2
0 0.651284 0.607255 0.655795 0.641456 0.651284 0.382745 2 0.651284 0.895910 2 0.651284 0.607255 2
0 0.738029 0.529733 0.730049 0.541893 0.738029 0.340070 2 0.738029 0.773585 2 0.738029 0.529733 2
0 0.321999 0.579894 0.320611 0.592055 0.321999 0.372675 2 0.321999 0.846319 2 0.321999 0.579894 2