3 0.449791 0.588972 0.428522 0.588306 0.449791 0.383064 2 0.449791 0.853709 2 0.449791 0.588972 2
0 0.302301 0.593630 0.292538 0.593630 0.302301 0.385860 2 0.302301 0.860764 2 0.302301 0.593630 2
0 0.346932 0.588306 0.329847 0.590968 0.346932 0.381467 2 0.346932 0.854242 2 0.346932 0.588306 2
0 0.291492 0.522421 0.277545 0.393979 0.291492 0.384529 2 0.291492 0.699712 2 0.291492 0.522421 2
0 0.675035 0.448550 0.665272 0.368690 0.675035 0.319509 2 0.675035 0.614460 2 0.675035 0.448550 2
0 0.637727 0.586975 0.621339 0.571668 0.637727 0.386891 2 0.637727 0.844226 2 0.637727 0.586975 2
0 0.536262 0.584313 0.519526 0.568341 0.536262 0.385394 2 0.536262 0.840066 2 0.536262 0.584313 2
0 0.353556 0.489811 0.348675 0.379338 0.353556 0.357043 2 0.353556 0.660513 2 0.353556 0.489811 2
3 0.473501 0.744700 0.466179 0.602282 0.473501 0.533901 2 0.473501 1.015726 2 0.473501 0.744700 2
3 0.486402 0.755348 0.485356 0.600285 0.486402 0.545248 2 0.486402 1.025476 2 0.486402 0.755348 2
3 0.504881 0.713421 0.506276 0.601616 0.504881 0.502855 2 0.504881 0.984148 2 0.504881 0.713421 2