1 0.403623 0.571497 0.390977 0.538058 0.403623 0.383176 2 0.403623 0.813623 2 0.403623 0.571497 2
2 0.335954 0.302468 0.338346 0.250790 0.335954 0.214691 2 0.335954 0.415323 2 0.335954 0.302468 2
2 0.276487 0.486380 0.256664 0.515259 0.276487 0.306040 2 0.276487 0.718247 2 0.276487 0.486380 2
2 0.755981 0.557817 0.732741 0.523619 0.755981 0.374551 2 0.755981 0.793446 2 0.755981 0.557817 2
2 0.722488 0.173273 0.710868 0.147434 0.722488 0.121671 2 0.722488 0.239618 2 0.722488 0.173273 2
0 0.548872 0.364025 0.547505 0.329827 0.548872 0.248586 2 0.548872 0.512447 2 0.548872 0.364025 2
0 0.534518 0.415703 0.527683 0.322987 0.534518 0.302658 2 0.534518 0.561047 2 0.534518 0.415703 2
0 0.507519 0.399744 0.502392 0.323747 0.507519 0.286432 2 0.507519 0.545430 2 0.507519 0.399744 2
0 0.481203 0.372385 0.475051 0.311587 0.481203 0.263329 2 0.481203 0.512599 2 0.481203 0.372385 2
0 0.645933 0.598856 0.641148 0.545658 0.645933 0.407875 2 0.645933 0.844402 2 0.645933 0.598856 2
0 0.664388 0.497020 0.653794 0.419503 0.664388 0.350194 2 0.664388 0.685796 2 0.664388 0.497020 2