2 0.250508 0.597513 0.262695 0.663650 0.250508 0.365235 2 0.250508 0.896155 2 0.250508 0.597513 2
2 0.704469 0.548100 0.687204 0.567105 0.704469 0.349613 2 0.704469 0.803297 2 0.704469 0.548100 2
3 0.489844 0.618038 0.492552 0.693297 0.489844 0.375384 2 0.489844 0.930022 2 0.489844 0.618038 2
0 0.562288 0.642364 0.565674 0.677333 0.562288 0.405298 2 0.562288 0.947164 2 0.562288 0.642364 2
3 0.368314 0.671252 0.354773 0.719904 0.368314 0.419285 2 0.368314 0.995208 2 0.368314 0.671252 2
0 0.626269 0.555702 0.636425 0.573947 0.626269 0.354821 2 0.626269 0.813978 2 0.626269 0.555702 2
0 0.622207 0.761715 0.640826 0.800485 0.622207 0.481545 2 0.622207 1.121933 2 0.622207 0.761715 2
0 0.654705 0.684175 0.675017 0.744230 0.654705 0.423694 2 0.654705 1.019079 2 0.654705 0.684175 2
2 0.381517 0.443193 0.393026 0.400622 0.381517 0.302975 2 0.381517 0.623473 2 0.381517 0.443193 2
2 0.680772 0.510090 0.690589 0.460678 0.680772 0.348853 2 0.680772 0.717395 2 0.680772 0.510090 2
3 0.473257 0.603594 0.477657 0.693297 0.473257 0.360940 2 0.473257 0.915578 2 0.473257 0.603594 2