0 0.358287 0.779612 0.384401 0.806885 0.358287 0.497202 2 0.358287 1.142710 2 0.358287 0.779612 2
0 0.419568 0.632603 0.435585 0.647237 0.419568 0.406070 2 0.419568 0.923860 2 0.419568 0.632603 2
0 0.623607 0.807550 0.627437 0.782938 0.623607 0.533522 2 0.623607 1.159872 2 0.623607 0.807550 2
0 0.627437 0.767638 0.644150 0.796242 0.627437 0.488954 2 0.627437 1.125947 2 0.627437 0.767638 2
0 0.611421 0.623955 0.621170 0.635264 0.611421 0.401613 2 0.611421 0.909824 2 0.611421 0.623955 2
0 0.647284 0.582713 0.656337 0.604000 0.647284 0.371313 2 0.647284 0.854513 2 0.647284 0.582713 2
0 0.378830 0.602669 0.388928 0.630607 0.378830 0.381957 2 0.378830 0.886442 2 0.378830 0.602669 2
2 0.685237 0.514863 0.706825 0.502889 0.685237 0.338852 2 0.685237 0.741163 2 0.685237 0.514863 2
2 0.726671 0.708436 0.762883 0.721074 0.726671 0.456060 2 0.726671 1.032919 2 0.726671 0.708436 2
2 0.383008 0.402445 0.370125 0.363863 0.383008 0.275093 2 0.383008 0.566183 2 0.383008 0.402445 2
2 0.283078 0.699788 0.301880 0.703779 0.283078 0.453465 2 0.283078 1.016489 2 0.283078 0.699788 2