2 0.237927 0.642329 0.251964 0.672735 0.237927 0.406872 2 0.237927 0.945060 2 0.237927 0.642329 2
2 0.278986 0.431767 0.302498 0.461413 0.278986 0.270272 2 0.278986 0.639403 2 0.278986 0.431767 2
2 0.671320 0.324585 0.665355 0.364873 0.671320 0.196880 2 0.671320 0.488778 2 0.671320 0.324585 2
2 0.727118 0.569354 0.719748 0.590639 0.727118 0.362631 2 0.727118 0.835142 2 0.727118 0.569354 2
0 0.273371 0.713023 0.273371 0.738108 0.273371 0.454685 2 0.273371 1.045172 2 0.273371 0.713023 2
0 0.304954 0.739629 0.311271 0.763954 0.304954 0.472245 2 0.304954 1.083408 2 0.304954 0.739629 2
1 0.325659 0.510063 0.324957 0.551111 0.325659 0.317174 2 0.325659 0.758062 2 0.325659 0.510063 2
0 0.435499 0.543509 0.441464 0.583797 0.435499 0.339180 2 0.435499 0.806218 2 0.435499 0.543509 2
0 0.460765 0.547310 0.462871 0.595200 0.460765 0.338990 2 0.460765 0.815150 2 0.460765 0.547310 2
0 0.493401 0.584558 0.524985 0.587598 0.493401 0.378898 2 0.493401 0.848977 2 0.493401 0.584558 2
0 0.552708 0.580757 0.555515 0.528306 0.552708 0.395850 2 0.552708 0.818495 2 0.552708 0.580757 2
1 0.615874 0.526026 0.626402 0.570115 0.615874 0.326486 2 0.615874 0.782577 2 0.615874 0.526026 2
1 0.687112 0.722905 0.684656 0.659053 0.687112 0.492237 2 0.687112 1.019479 2 0.687112 0.722905 2