2 0.221248 0.638305 0.218794 0.681618 0.221248 0.399738 2 0.221248 0.945033 2 0.221248 0.638305 2
2 0.264727 0.437695 0.266129 0.476449 0.264727 0.270937 2 0.264727 0.652096 2 0.264727 0.437695 2
1 0.304348 0.475689 0.298387 0.506844 0.304348 0.298293 2 0.304348 0.703769 2 0.304348 0.475689 2
1 0.349930 0.575234 0.335554 0.560796 0.349930 0.378955 2 0.349930 0.827592 2 0.349930 0.575234 2
0 0.359397 0.567635 0.376928 0.558516 0.359397 0.372154 2 0.359397 0.818967 2 0.359397 0.567635 2
2 0.738780 0.556997 0.725105 0.563076 0.738780 0.359920 2 0.738780 0.810381 2 0.738780 0.556997 2
1 0.615007 0.568395 0.607644 0.568395 0.615007 0.369457 2 0.615007 0.824173 2 0.615007 0.568395 2
1 0.575736 0.613228 0.576438 0.670220 0.575736 0.378651 2 0.575736 0.914827 2 0.575736 0.613228 2
0 0.321178 0.769005 0.330295 0.774324 0.321178 0.497991 2 0.321178 1.117451 2 0.321178 0.769005 2
0 0.664446 0.792561 0.690042 0.779643 0.664446 0.519686 2 0.664446 1.143401 2 0.664446 0.792561 2
2 0.690743 0.489367 0.702665 0.505324 0.690743 0.312503 2 0.690743 0.716763 2 0.690743 0.489367 2