0 0.488510 0.574066 0.467967 0.578722
0 0.414694 0.573400 0.388231 0.549453
0 0.322075 0.558766 0.313370 0.543467
0 0.370474 0.561427 0.325557 0.556770
0 0.444986 0.570074 0.421657 0.570074
0 0.424443 0.582048 0.407730 0.566083
0 0.576253 0.582713 0.561281 0.568744
0 0.291435 0.437700 0.289694 0.363198
0 0.336003 0.444352 0.330084 0.369185
0 0.440111 0.472290 0.440460 0.365859
0 0.605850 0.472290 0.603760 0.416414
0 0.650766 0.460982 0.657382 0.415083
0 0.733287 0.466969 0.715877 0.383819
0 0.689067 0.502889 0.683148 0.408431
0 0.690808 0.615308 0.679318 0.578722
0 0.579387 0.502889 0.580084 0.382489
