0 0.538179 0.443411 0.535940 0.399298
0 0.580332 0.443411 0.579213 0.401579
0 0.608683 0.439608 0.612786 0.391692
0 0.636661 0.467749 0.636661 0.413748
0 0.678814 0.403861 0.675830 0.367354
0 0.716864 0.385607 0.711641 0.335410
0 0.504605 0.445692 0.504605 0.401579
0 0.484088 0.423636 0.481477 0.406903
0 0.431863 0.443411 0.431863 0.409185
0 0.415449 0.436565 0.413584 0.398537
0 0.381876 0.431241 0.381876 0.387129
0 0.327785 0.315635 0.318086 0.299663
0 0.431117 0.566622 0.425521 0.560538
0 0.424029 0.582594 0.402020 0.547608
0 0.390829 0.573468 0.384114 0.547608
0 0.272575 0.606932 0.259892 0.638876
0 0.289362 0.564341 0.272948 0.503495
0 0.575109 0.655609 0.584808 0.740032
0 0.624351 0.591721 0.614652 0.565101
0 0.661654 0.577270 0.656805 0.553693
0 0.712761 0.543805 0.700823 0.523270
