0 0.374098 0.350406 0.350649 0.349646
0 0.347763 0.507746 0.335859 0.358007
0 0.281746 0.332163 0.245310 0.316201
0 0.642136 0.335964 0.624098 0.339004
0 0.675685 0.333684 0.647908 0.331403
0 0.766234 0.337484 0.747475 0.313921
0 0.395743 0.603519 0.380952 0.590597
0 0.307720 0.593638 0.302309 0.581476
0 0.268759 0.574635 0.260823 0.576916
0 0.646825 0.589077 0.641775 0.593638
0 0.695887 0.582996 0.684704 0.580716
0 0.749278 0.592878 0.739899 0.585277
0 0.789322 0.605039 0.784632 0.571595
0 0.263709 0.561714 0.244228 0.561714
0 0.667388 0.604279 0.659091 0.583756
