0 0.744770 0.352052 0.730474 0.321439
0 0.769177 0.608271 0.751046 0.602282
0 0.719665 0.572999 0.706416 0.572334
0 0.639819 0.479163 0.639819 0.413944
0 0.645746 0.395310 0.642259 0.461195
0 0.182008 0.597623 0.163877 0.616923
0 0.221060 0.341404 0.197001 0.383996
0 0.312762 0.501125 0.313459 0.419268
0 0.284170 0.626240 0.273710 0.656853
0 0.342748 0.615592 0.326360 0.646871
0 0.285565 0.603613 0.273710 0.598289
0 0.451534 0.405292 0.447001 0.501125
0 0.447001 0.463191 0.447001 0.393313
0 0.582636 0.518428 0.585077 0.401965
0 0.547768 0.549041 0.552650 0.409285
0 0.517085 0.612264 0.523710 0.426588
0 0.416318 0.536397 0.406206 0.389986
0 0.392957 0.560355 0.369596 0.408620
0 0.273013 0.496466 0.272315 0.401299
0 0.284868 0.624909 0.274407 0.655522
0 0.404463 0.640881 0.387727 0.618254
0 0.617852 0.610933 0.600070 0.606940
0 0.623780 0.626240 0.613319 0.608937
