0 0.281646 0.657759 0.319269 0.698060
0 0.696906 0.667644 0.713080 0.689696
0 0.588256 0.701863 0.593530 0.729237
0 0.610759 0.599967 0.613572 0.681331
0 0.637131 0.587800 0.644515 0.699581
0 0.622714 0.488186 0.635373 0.500353
0 0.594937 0.463853 0.595992 0.495790
0 0.571730 0.482863 0.577004 0.504155
0 0.292897 0.534571 0.310830 0.553582
0 0.376582 0.474499 0.379395 0.511759
0 0.376582 0.474499 0.379395 0.511759
0 0.543601 0.489707 0.561533 0.501874
0 0.337201 0.504155 0.341069 0.514801
0 0.266878 0.551301 0.279887 0.552821
0 0.342827 0.530009 0.347750 0.560425
