0 0.790166 0.602038 0.780471 0.539506
0 0.734072 0.572768 0.700139 0.566781
0 0.637812 0.410450 0.631579 0.379184
0 0.605263 0.487618 0.601801 0.393820
0 0.577562 0.432403 0.582756 0.361223
0 0.540859 0.427747 0.546053 0.407124
0 0.513158 0.475644 0.510388 0.413777
0 0.467798 0.467661 0.451177 0.402468
0 0.424515 0.447704 0.413435 0.393154
0 0.391620 0.451030 0.376039 0.375858
0 0.268698 0.586738 0.222992 0.575429
0 0.323753 0.594055 0.277355 0.592725
0 0.326870 0.488948 0.324446 0.399807
0 0.777008 0.523541 0.760734 0.412446
