0 0.315603 0.435745 0.325887 0.423577
0 0.281560 0.374147 0.287234 0.361980
0 0.545390 0.484414 0.554965 0.466924
0 0.567021 0.451714 0.574113 0.460079
0 0.615248 0.425859 0.627305 0.434224
0 0.577660 0.657039 0.573050 0.734606
0 0.674823 0.596963 0.713830 0.639548
0 0.470213 0.727762 0.490426 0.731564
0 0.448582 0.757420 0.472695 0.743732
0 0.413121 0.718637 0.430851 0.714074
0 0.389716 0.730043 0.413830 0.569586
0 0.307447 0.653997 0.338298 0.557419
0 0.226950 0.577951 0.240071 0.603807
0 0.342553 0.630423 0.365957 0.618256
0 0.601418 0.714074 0.613121 0.682134
