0 0.755152 0.570138 0.730003 0.520726
0 0.690185 0.519206 0.672721 0.510084
0 0.406217 0.662121 0.399581 0.592184
0 0.308418 0.535930 0.300035 0.515405
0 0.352428 0.554174 0.351030 0.545812
0 0.382117 0.569378 0.371638 0.555695
0 0.612644 0.530609 0.601467 0.513885
0 0.464897 0.318517 0.454069 0.297232
0 0.728257 0.362608 0.739783 0.304834
0 0.352777 0.385414 0.350681 0.326879
0 0.383165 0.392255 0.372337 0.312436
0 0.330073 0.385414 0.318198 0.320798
0 0.298987 0.408219 0.293748 0.366409
0 0.773315 0.374011 0.743975 0.296472
0 0.645826 0.328400 0.636046 0.430264
