0 0.261264 0.627152 0.282571 0.619550
0 0.301083 0.540491 0.299336 0.586102
0 0.594481 0.703931 0.606706 0.729777
0 0.687740 0.544292 0.685994 0.563297
0 0.647572 0.579261 0.651065 0.614989
0 0.615089 0.575460 0.615089 0.592944
0 0.384562 0.548093 0.387705 0.610428
0 0.524625 0.376291 0.520084 0.431785
0 0.281523 0.395296 0.272791 0.462952
0 0.639190 0.463713 0.634998 0.510844
0 0.607056 0.444708 0.606357 0.494120
0 0.666085 0.442427 0.671324 0.504002
0 0.698568 0.469794 0.706951 0.498681
0 0.225987 0.409739 0.239609 0.465233
0 0.330423 0.332201 0.324485 0.354246
