0 0.623016 0.501666 0.618687 0.518388
0 0.647908 0.537390 0.645743 0.549552
0 0.718254 0.354206 0.718615 0.418815
0 0.361833 0.482663 0.361111 0.502426
0 0.317821 0.484183 0.313492 0.506226
0 0.229437 0.350406 0.233045 0.360287
0 0.606782 0.630123 0.610029 0.794304
0 0.676046 0.599719 0.664502 0.604279
0 0.727273 0.576155 0.722944 0.586797
0 0.346681 0.588317 0.344156 0.590597
0 0.292929 0.573115 0.290765 0.572355
0 0.244949 0.585277 0.242424 0.579196
0 0.202742 0.658246 0.190476 0.697771
0 0.725108 0.566274 0.720418 0.592118
0 0.327561 0.649885 0.322872 0.692451
