0 0.693972 0.434224 0.706383 0.422056
0 0.726241 0.377189 0.745745 0.366543
0 0.471631 0.479091 0.470922 0.449433
0 0.443617 0.442589 0.448936 0.401524
0 0.390426 0.398482 0.393262 0.344489
0 0.422695 0.596963 0.427305 0.539928
0 0.342908 0.561981 0.355674 0.526240
0 0.537589 0.518635 0.512057 0.515593
0 0.562057 0.596963 0.564539 0.546772
0 0.591135 0.673009 0.592553 0.602286
0 0.631206 0.707230 0.628723 0.659320
0 0.733688 0.612932 0.718440 0.543730
0 0.778369 0.549814 0.775532 0.515593
0 0.666312 0.612172 0.666312 0.548293
0 0.422695 0.686697 0.424823 0.494300
