0 0.425836 0.564753 0.432799 0.621295
0 0.396936 0.597348 0.399373 0.625286
0 0.371518 0.568079 0.369777 0.601339
0 0.326950 0.653889 0.335655 0.671184
0 0.282730 0.613312 0.285167 0.643246
0 0.527159 0.794911 0.537604 0.786929
0 0.558148 0.781607 0.562674 0.820854
0 0.557103 0.800898 0.566156 0.835488
0 0.599582 0.661207 0.605501 0.716418
0 0.651462 0.818858 0.664345 0.837484
0 0.503830 0.795576 0.510446 0.802894
0 0.705432 0.570740 0.704387 0.647903
0 0.659123 0.561427 0.655641 0.611317
0 0.631616 0.565418 0.625000 0.611982
0 0.594708 0.597348 0.594708 0.630607
