0 0.679612 0.521955 0.662275 0.508657
0 0.626560 0.549881 0.613037 0.541902
0 0.702497 0.351073 0.702497 0.299210
0 0.647365 0.299875 0.635922 0.328466
0 0.230929 0.452804 0.209085 0.452804
0 0.289875 0.500013 0.271498 0.496024
0 0.340499 0.543232 0.329750 0.523285
0 0.368585 0.569829 0.355062 0.547887
0 0.330791 0.367031 0.326283 0.329131
0 0.288141 0.295220 0.279126 0.281257
0 0.257628 0.343759 0.262136 0.299875
0 0.367892 0.338440 0.362344 0.310513
0 0.441748 0.406925 0.442094 0.339105
0 0.380721 0.400276 0.380721 0.354398
0 0.468100 0.412245 0.465326 0.347748
0 0.743759 0.350408 0.728155 0.286577
0 0.729542 0.488045 0.722261 0.478071
