0 0.166129 0.430191 0.183468 0.444818
0 0.207661 0.397611 0.214919 0.424871
0 0.258065 0.478728 0.270565 0.495351
0 0.575806 0.559846 0.590323 0.609049
0 0.703629 0.623677 0.737097 0.648943
0 0.093145 0.538569 0.103629 0.556522
0 0.297581 0.491361 0.321371 0.508649
0 0.331855 0.350403 0.337500 0.414898
0 0.672984 0.398940 0.682258 0.440829
0 0.620968 0.424871 0.629435 0.471414
0 0.586694 0.277928 0.572177 0.295881
0 0.291532 0.543889 0.287903 0.562506
0 0.091935 0.513968 0.093145 0.554527
0 0.291532 0.543889 0.287903 0.562506
