0 0.240237 0.393979 0.240237 0.436571
0 0.219665 0.636222 0.209205 0.686801
0 0.273361 0.608937 0.273361 0.635557
0 0.355997 0.514435 0.355997 0.551703
0 0.342050 0.381334 0.325662 0.381334
0 0.802650 0.598289 0.789400 0.608937
0 0.763250 0.343400 0.747908 0.343400
0 0.684100 0.539724 0.681660 0.576993
0 0.701534 0.623578 0.679219 0.623578
0 0.645397 0.606940 0.635635 0.606940
0 0.714435 0.633560 0.725593 0.654191
0 0.533821 0.399968 0.519526 0.416606
0 0.553347 0.542386 0.556834 0.584979
0 0.414575 0.572999 0.428173 0.610268
0 0.451185 0.593630 0.456764 0.606275
0 0.488145 0.622912 0.520921 0.615592
0 0.582985 0.587641 0.599721 0.614261
0 0.615063 0.589637 0.635635 0.610268
0 0.735007 0.560355 0.752441 0.576327
0 0.700837 0.622247 0.678522 0.622247
0 0.595886 0.677484 0.603905 0.801933
0 0.376569 0.628236 0.376220 0.658184
0 0.364017 0.807923 0.373780 0.819902
