0 0.314147 0.554536 0.308252 0.583127
0 0.364771 0.566504 0.357490 0.612383
0 0.290222 0.401606 0.280166 0.444160
0 0.345354 0.285247 0.329057 0.285247
0 0.762829 0.456794 0.755201 0.472087
0 0.705270 0.523285 0.714979 0.554536
0 0.656033 0.546557 0.659847 0.573153
0 0.632108 0.583127 0.635576 0.605734
0 0.669903 0.415569 0.671290 0.470757
0 0.703883 0.327801 0.705270 0.365036
0 0.748613 0.380994 0.755895 0.414904
0 0.635229 0.373680 0.640430 0.414904
0 0.561026 0.459453 0.564494 0.515306
0 0.622399 0.440171 0.625520 0.502673
0 0.529473 0.472087 0.526006 0.527939
0 0.240638 0.383654 0.236824 0.415569
0 0.255895 0.517301 0.242718 0.527274
